300.0	2.1569e-07
300.2	2.1329e-07
300.4	2.1091e-07
300.6	2.0856e-07
300.8	2.0624e-07
301.0	2.0394e-07
301.2	2.0167e-07
301.4	1.9942e-07
301.6	1.972e-07
301.8	1.95e-07
302.0	2.2472e-07
302.2	2.5917e-07
302.4	2.989e-07
302.6	3.4472e-07
302.8	3.9756e-07
303.0	4.5851e-07
303.2	5.2879e-07
303.4	6.0985e-07
303.6	7.0334e-07
303.8	8.1116e-07
304.0	7.3298e-07
304.2	6.1953e-07
304.4	5.2364e-07
304.6	4.4259e-07
304.8	3.7409e-07
305.0	3.1619e-07
305.2	2.6725e-07
305.4	2.2588e-07
305.6	1.9092e-07
305.8	1.6137e-07
306.0	1.4967e-07
306.2	1.487e-07
306.4	1.4773e-07
306.6	1.4677e-07
306.8	1.4581e-07
307.0	1.4486e-07
307.2	1.4391e-07
307.4	1.4298e-07
307.6	1.4204e-07
307.8	1.4112e-07
308.0	1.5076e-07
308.2	1.8228e-07
308.4	2.2039e-07
308.6	2.6646e-07
308.8	3.2217e-07
309.0	3.8952e-07
309.2	4.7095e-07
309.4	5.694e-07
309.6	6.8844e-07
309.8	8.3236e-07
310.0	9.9613e-07
310.2	1.0599e-06
310.4	1.1278e-06
310.6	1.2e-06
310.8	1.2768e-06
311.0	1.3586e-06
311.2	1.4455e-06
311.4	1.5381e-06
311.6	1.6366e-06
311.8	1.7414e-06
312.0	1.5537e-06
312.2	1.3799e-06
312.4	1.2257e-06
312.6	1.0886e-06
312.8	9.6691e-07
313.0	8.588e-07
313.2	7.6278e-07
313.4	6.775e-07
313.6	6.0175e-07
313.8	5.3447e-07
314.0	4.6773e-07
314.2	4.0747e-07
314.4	3.5498e-07
314.6	3.0925e-07
314.8	2.6941e-07
315.0	2.347e-07
315.2	2.0446e-07
315.4	1.7812e-07
315.6	1.5517e-07
315.8	1.3518e-07
316.0	1.2698e-07
316.2	1.264e-07
316.4	1.2582e-07
316.6	1.2524e-07
316.8	1.2467e-07
317.0	1.241e-07
317.2	1.2353e-07
317.4	1.2296e-07
317.6	1.224e-07
317.8	1.2184e-07
318.0	1.2121e-07
318.2	1.2045e-07
318.4	1.197e-07
318.6	1.1895e-07
318.8	1.1821e-07
319.0	1.1747e-07
319.2	1.1674e-07
319.4	1.1601e-07
319.6	1.1528e-07
319.8	1.1456e-07
320.0	1.1394e-07
320.2	1.1434e-07
320.4	1.1474e-07
320.6	1.1515e-07
320.8	1.1555e-07
321.0	1.1596e-07
321.2	1.1637e-07
321.4	1.1678e-07
321.6	1.1719e-07
321.8	1.176e-07
322.0	1.3048e-07
322.2	1.4506e-07
322.4	1.6127e-07
322.6	1.7929e-07
322.8	1.9933e-07
323.0	2.216e-07
323.2	2.4637e-07
323.4	2.739e-07
323.6	3.0451e-07
323.8	3.3854e-07
324.0	3.1394e-07
324.2	2.7661e-07
324.4	2.4372e-07
324.6	2.1474e-07
324.8	1.892e-07
325.0	1.6671e-07
325.2	1.4688e-07
325.4	1.2942e-07
325.6	1.1403e-07
325.8	1.0047e-07
326.0	1.0483e-07
326.2	1.2363e-07
326.4	1.4581e-07
326.6	1.7196e-07
326.8	2.0281e-07
327.0	2.3918e-07
327.2	2.8208e-07
327.4	3.3268e-07
327.6	3.9235e-07
327.8	4.6272e-07
328.0	5.1423e-07
328.2	5.1972e-07
328.4	5.2527e-07
328.6	5.3087e-07
328.8	5.3654e-07
329.0	5.4227e-07
329.2	5.4806e-07
329.4	5.5391e-07
329.6	5.5983e-07
329.8	5.658e-07
330.0	5.7071e-07
330.2	5.6483e-07
330.4	5.5901e-07
330.6	5.5325e-07
330.8	5.4755e-07
331.0	5.4191e-07
331.2	5.3633e-07
331.4	5.308e-07
331.6	5.2533e-07
331.8	5.1992e-07
332.0	4.7058e-07
332.2	4.2392e-07
332.4	3.8189e-07
332.6	3.4403e-07
332.8	3.0992e-07
333.0	2.7919e-07
333.2	2.5151e-07
333.4	2.2657e-07
333.6	2.0411e-07
333.8	1.8387e-07
334.0	1.9142e-07
334.2	2.0887e-07
334.4	2.2791e-07
334.6	2.4868e-07
334.8	2.7134e-07
335.0	2.9607e-07
335.2	3.2306e-07
335.4	3.525e-07
335.6	3.8463e-07
335.8	4.1968e-07
336.0	4.4095e-07
336.2	4.5001e-07
336.4	4.5926e-07
336.6	4.687e-07
336.8	4.7833e-07
337.0	4.8816e-07
337.2	4.9819e-07
337.4	5.0843e-07
337.6	5.1888e-07
337.8	5.2954e-07
338.0	5.208e-07
338.2	4.8157e-07
338.4	4.4531e-07
338.6	4.1177e-07
338.8	3.8076e-07
339.0	3.5209e-07
339.2	3.2557e-07
339.4	3.0105e-07
339.6	2.7838e-07
339.8	2.5742e-07
340.0	2.354e-07
340.2	1.9369e-07
340.4	1.5937e-07
340.6	1.3113e-07
340.8	1.079e-07
341.0	8.8778e-08
341.2	7.3047e-08
341.4	6.0104e-08
341.6	4.9454e-08
341.8	4.0691e-08
342.0	4.4079e-08
342.2	4.8747e-08
342.4	5.3911e-08
342.6	5.9621e-08
342.8	6.5936e-08
343.0	7.2919e-08
343.2	8.0643e-08
343.4	8.9184e-08
343.6	9.8631e-08
343.8	1.0908e-07
344.0	1.0295e-07
344.2	9.1894e-08
344.4	8.2029e-08
344.6	7.3223e-08
344.8	6.5362e-08
345.0	5.8346e-08
345.2	5.2082e-08
345.4	4.6491e-08
345.6	4.15e-08
345.8	3.7045e-08
346.0	4.2068e-08
346.2	5.7942e-08
346.4	7.9807e-08
346.6	1.0992e-07
346.8	1.514e-07
347.0	2.0853e-07
347.2	2.8722e-07
347.4	3.956e-07
347.6	5.4488e-07
347.8	7.505e-07
348.0	9.4634e-07
348.2	1.03e-06
348.4	1.1211e-06
348.6	1.2202e-06
348.8	1.3281e-06
349.0	1.4455e-06
349.2	1.5733e-06
349.4	1.7125e-06
349.6	1.8639e-06
349.8	2.0287e-06
350.0	2.2207e-06
350.2	2.5663e-06
350.4	2.9657e-06
350.6	3.4273e-06
350.8	3.9607e-06
351.0	4.5772e-06
351.2	5.2896e-06
351.4	6.1128e-06
351.6	7.0642e-06
351.8	8.1637e-06
352.0	8.1151e-06
352.2	7.9759e-06
352.4	7.839e-06
352.6	7.7045e-06
352.8	7.5723e-06
353.0	7.4424e-06
353.2	7.3146e-06
353.4	7.1891e-06
353.6	7.0658e-06
353.8	6.9445e-06
354.0	8.1544e-06
354.2	1.0176e-05
354.4	1.2699e-05
354.6	1.5848e-05
354.8	1.9777e-05
355.0	2.4681e-05
355.2	3.08e-05
355.4	3.8437e-05
355.6	4.7967e-05
355.8	5.986e-05
356.0	6.4398e-05
356.2	6.1799e-05
356.4	5.9304e-05
356.6	5.6911e-05
356.8	5.4613e-05
357.0	5.2409e-05
357.2	5.0294e-05
357.4	4.8264e-05
357.6	4.6315e-05
357.8	4.4446e-05
358.0	4.4867e-05
358.2	4.9024e-05
358.4	5.3566e-05
358.6	5.8529e-05
358.8	6.3952e-05
359.0	6.9877e-05
359.2	7.6351e-05
359.4	8.3425e-05
359.6	9.1154e-05
359.8	9.96e-05
360.0	1.0641e-04
360.2	9.3843e-05
360.4	8.2763e-05
360.6	7.299e-05
360.8	6.4372e-05
361.0	5.6772e-05
361.2	5.0068e-05
361.4	4.4157e-05
361.6	3.8943e-05
361.8	3.4345e-05
362.0	2.789e-05
362.2	2.253e-05
362.4	1.8199e-05
362.6	1.4702e-05
362.8	1.1876e-05
363.0	9.5933e-06
363.2	7.7495e-06
363.4	6.26e-06
363.6	5.0569e-06
363.8	4.0849e-06
364.0	4.2312e-06
364.2	4.7305e-06
364.4	5.2887e-06
364.6	5.9128e-06
364.8	6.6105e-06
365.0	7.3906e-06
365.2	8.2627e-06
365.4	9.2378e-06
365.6	1.0328e-05
365.8	1.1547e-05
366.0	1.1292e-05
366.2	1.0061e-05
366.4	8.9653e-06
366.6	7.9885e-06
366.8	7.1182e-06
367.0	6.3427e-06
367.2	5.6517e-06
367.4	5.0359e-06
367.6	4.4873e-06
367.8	3.9984e-06
368.0	3.6861e-06
368.2	3.5652e-06
368.4	3.4483e-06
368.6	3.3352e-06
368.8	3.2258e-06
369.0	3.12e-06
369.2	3.0177e-06
369.4	2.9187e-06
369.6	2.823e-06
369.8	2.7304e-06
370.0	2.624e-06
370.2	2.4114e-06
370.4	2.216e-06
370.6	2.0365e-06
370.8	1.8715e-06
371.0	1.7198e-06
371.2	1.5805e-06
371.4	1.4524e-06
371.6	1.3347e-06
371.8	1.2266e-06
372.0	8.7159e-07
372.2	6.0836e-07
372.4	4.2463e-07
372.6	2.9639e-07
372.8	2.0687e-07
373.0	1.444e-07
373.2	1.0079e-07
373.4	7.0348e-08
373.6	4.9102e-08
373.8	3.4273e-08
374.0	3.1395e-08
374.2	3.1264e-08
374.4	3.1134e-08
374.6	3.1004e-08
374.8	3.0874e-08
375.0	3.0746e-08
375.2	3.0617e-08
375.4	3.0489e-08
375.6	3.0362e-08
375.8	3.0235e-08
376.0	4.4134e-08
376.2	8.3126e-08
376.4	1.5657e-07
376.6	2.949e-07
376.8	5.5545e-07
377.0	1.0462e-06
377.2	1.9705e-06
377.4	3.7115e-06
377.6	6.9906e-06
377.8	1.3167e-05
378.0	2.0059e-05
378.2	2.3065e-05
378.4	2.6523e-05
378.6	3.0499e-05
378.8	3.5071e-05
379.0	4.0328e-05
379.2	4.6374e-05
379.4	5.3325e-05
379.6	6.1319e-05
379.8	7.0511e-05
380.0	7.8301e-05
380.2	6.9537e-05
380.4	6.1753e-05
380.6	5.4841e-05
380.8	4.8702e-05
381.0	4.3251e-05
381.2	3.841e-05
381.4	3.411e-05
381.6	3.0292e-05
381.8	2.6901e-05
382.0	2.2315e-05
382.2	1.8408e-05
382.4	1.5185e-05
382.6	1.2527e-05
382.8	1.0334e-05
383.0	8.5244e-06
383.2	7.032e-06
383.4	5.8008e-06
383.6	4.7853e-06
383.8	3.9475e-06
384.0	4.5733e-06
384.2	5.8983e-06
384.4	7.6071e-06
384.6	9.811e-06
384.8	1.2653e-05
385.0	1.6319e-05
385.2	2.1047e-05
385.4	2.7145e-05
385.6	3.5009e-05
385.8	4.5151e-05
386.0	5.8662e-05
386.2	7.6588e-05
386.4	9.9993e-05
386.6	1.3055e-04
386.8	1.7045e-04
387.0	2.2253e-04
387.2	2.9054e-04
387.4	3.7933e-04
387.6	4.9525e-04
387.8	6.466e-04
388.0	6.376e-04
388.2	4.3987e-04
388.4	3.0346e-04
388.6	2.0936e-04
388.8	1.4443e-04
389.0	9.9643e-05
389.2	6.8742e-05
389.4	4.7425e-05
389.6	3.2718e-05
389.8	2.2572e-05
390.0	1.6696e-05
390.2	1.8948e-05
390.4	2.1504e-05
390.6	2.4405e-05
390.8	2.7697e-05
391.0	3.1433e-05
391.2	3.5674e-05
391.4	4.0486e-05
391.6	4.5948e-05
391.8	5.2146e-05
392.0	6.0986e-05
392.2	7.1523e-05
392.4	8.3882e-05
392.6	9.8375e-05
392.8	1.1537e-04
393.0	1.3531e-04
393.2	1.5869e-04
393.4	1.8611e-04
393.6	2.1827e-04
393.8	2.5598e-04
394.0	2.3002e-04
394.2	1.9001e-04
394.4	1.5697e-04
394.6	1.2967e-04
394.8	1.0712e-04
395.0	8.8488e-05
395.2	7.3099e-05
395.4	6.0386e-05
395.6	4.9884e-05
395.8	4.1209e-05
396.0	3.8941e-05
396.2	4.025e-05
396.4	4.1603e-05
396.6	4.3001e-05
396.8	4.4446e-05
397.0	4.5939e-05
397.2	4.7483e-05
397.4	4.9079e-05
397.6	5.0728e-05
397.8	5.2433e-05
398.0	4.8668e-05
398.2	3.9609e-05
398.4	3.2236e-05
398.6	2.6236e-05
398.8	2.1352e-05
399.0	1.7378e-05
399.2	1.4143e-05
399.4	1.151e-05
399.6	9.3677e-06
399.8	7.624e-06
400.0	6.4987e-06
400.2	7.2001e-06
400.4	7.9772e-06
400.6	8.8381e-06
400.8	9.792e-06
401.0	1.0849e-05
401.2	1.202e-05
401.4	1.3317e-05
401.6	1.4754e-05
401.8	1.6347e-05
402.0	1.5773e-05
402.2	1.4936e-05
402.4	1.4143e-05
402.6	1.3392e-05
402.8	1.2681e-05
403.0	1.2008e-05
403.2	1.137e-05
403.4	1.0767e-05
403.6	1.0195e-05
403.8	9.6536e-06
404.0	9.895e-06
404.2	1.0444e-05
404.4	1.1024e-05
404.6	1.1635e-05
404.8	1.2281e-05
405.0	1.2963e-05
405.2	1.3682e-05
405.4	1.4441e-05
405.6	1.5243e-05
405.8	1.6089e-05
406.0	1.7461e-05
406.2	1.9338e-05
406.4	2.1416e-05
406.6	2.3717e-05
406.8	2.6265e-05
407.0	2.9087e-05
407.2	3.2213e-05
407.4	3.5674e-05
407.6	3.9508e-05
407.8	4.3753e-05
408.0	4.7674e-05
408.2	5.0843e-05
408.4	5.4221e-05
408.6	5.7825e-05
408.8	6.1667e-05
409.0	6.5765e-05
409.2	7.0136e-05
409.4	7.4797e-05
409.6	7.9767e-05
409.8	8.5068e-05
410.0	9.0588e-05
410.2	9.56e-05
410.4	1.0089e-04
410.6	1.0647e-04
410.8	1.1236e-04
411.0	1.1858e-04
411.2	1.2514e-04
411.4	1.3206e-04
411.6	1.3937e-04
411.8	1.4708e-04
412.0	1.2729e-04
412.2	1.0707e-04
412.4	9.0073e-05
412.6	7.5771e-05
412.8	6.3739e-05
413.0	5.3618e-05
413.2	4.5105e-05
413.4	3.7943e-05
413.6	3.1918e-05
413.8	2.685e-05
414.0	2.6987e-05
414.2	2.897e-05
414.4	3.11e-05
414.6	3.3385e-05
414.8	3.5839e-05
415.0	3.8473e-05
415.2	4.1301e-05
415.4	4.4336e-05
415.6	4.7595e-05
415.8	5.1093e-05
416.0	4.5909e-05
416.2	3.636e-05
416.4	2.8797e-05
416.6	2.2807e-05
416.8	1.8063e-05
417.0	1.4306e-05
417.2	1.133e-05
417.4	8.9737e-06
417.6	7.1072e-06
417.8	5.6289e-06
418.0	5.0743e-06
418.2	5.376e-06
418.4	5.6956e-06
418.6	6.0342e-06
418.8	6.3929e-06
419.0	6.7729e-06
419.2	7.1756e-06
419.4	7.6021e-06
419.6	8.0541e-06
419.8	8.5329e-06
420.0	9.0625e-06
420.2	9.7553e-06
420.4	1.0501e-05
420.6	1.1304e-05
420.8	1.2168e-05
421.0	1.3098e-05
421.2	1.41e-05
421.4	1.5178e-05
421.6	1.6338e-05
421.8	1.7587e-05
422.0	1.7946e-05
422.2	1.819e-05
422.4	1.8438e-05
422.6	1.869e-05
422.8	1.8945e-05
423.0	1.9203e-05
423.2	1.9465e-05
423.4	1.9731e-05
423.6	2.0e-05
423.8	2.0273e-05
424.0	2.0549e-05
424.2	2.083e-05
424.4	2.1114e-05
424.6	1.8632e-05
424.8	1.612e-05
425.0	1.3947e-05
425.2	1.2067e-05
425.4	1.044e-05
425.6	9.0326e-06
425.8	7.8148e-06
426.0	6.7613e-06
426.2	5.8497e-06
426.4	5.0088e-06
426.6	4.1534e-06
426.8	3.4442e-06
427.0	2.856e-06
427.2	2.3683e-06
427.4	1.9639e-06
427.6	1.6285e-06
427.8	1.3504e-06
428.0	1.1198e-06
428.2	9.286e-07
428.4	7.6683e-07
428.6	6.1233e-07
428.8	4.8896e-07
429.0	3.9044e-07
429.2	3.1177e-07
429.4	2.4895e-07
429.6	1.9879e-07
429.8	1.5874e-07
430.0	1.2676e-07
430.2	1.0122e-07
430.4	8.0824e-08
430.6	8.4363e-08
430.8	8.8664e-08
431.0	9.3184e-08
431.2	9.7935e-08
431.4	1.0293e-07
431.6	1.0817e-07
431.8	1.1369e-07
432.0	1.1949e-07
432.2	1.2558e-07
432.4	1.3198e-07
432.6	1.3871e-07
432.8	1.4578e-07
433.0	1.5056e-07
433.2	1.5252e-07
433.4	1.5451e-07
433.6	1.5652e-07
433.8	1.5856e-07
434.0	1.6062e-07
434.2	1.6272e-07
434.4	1.6484e-07
434.6	1.6698e-07
434.8	1.6916e-07
435.0	1.7564e-08
435.2	1.9254e-08
435.4	2.1106e-08
435.6	2.3136e-08
435.8	2.5361e-08
436.0	2.78e-08
436.2	3.0474e-08
436.4	3.3405e-08
436.6	3.6618e-08
436.8	4.0141e-08
437.0	4.4001e-08
437.2	4.1339e-08
437.4	3.8808e-08
437.6	3.6432e-08
437.8	3.4201e-08
438.0	3.2107e-08
438.2	3.0142e-08
438.4	2.8296e-08
438.6	2.6564e-08
438.8	2.4937e-08
439.0	2.341e-08
439.2	2.0822e-08
439.4	1.8365e-08
439.6	1.6197e-08
439.8	1.4285e-08
440.0	1.2599e-08
440.2	1.1112e-08
440.4	9.8008e-09
440.6	8.644e-09
440.8	7.6238e-09
441.0	6.724e-09
441.2	7.2987e-09
441.4	8.5381e-09
441.6	9.9881e-09
441.8	1.1684e-08
442.0	1.3669e-08
442.2	1.599e-08
442.4	1.8705e-08
442.6	2.1882e-08
442.8	2.5598e-08
443.0	2.9945e-08
443.2	3.1725e-08
443.4	3.1548e-08
443.6	3.1372e-08
443.8	3.1196e-08
444.0	3.1022e-08
444.2	3.0848e-08
444.4	3.0676e-08
444.6	3.0504e-08
444.8	3.0334e-08
445.0	3.0164e-08
445.2	2.6477e-08
445.4	2.3241e-08
445.6	2.0401e-08
445.8	1.7907e-08
446.0	1.5719e-08
446.2	1.3798e-08
446.4	1.2111e-08
446.6	1.0631e-08
446.8	9.3316e-09
447.0	8.1911e-09
447.2	8.1579e-09
447.4	8.1352e-09
447.6	8.1126e-09
447.8	8.0901e-09
448.0	8.0676e-09
448.2	8.0452e-09
448.4	8.0228e-09
448.6	8.0005e-09
448.8	7.9782e-09
449.0	7.9561e-09
449.2	8.7146e-09
449.4	9.6863e-09
449.6	1.0766e-08
449.8	1.1967e-08
450.0	1.3301e-08
450.2	1.4784e-08
450.4	1.6433e-08
450.6	1.8265e-08
450.8	2.0301e-08
451.0	2.2565e-08
451.2	2.1359e-08
451.4	1.9108e-08
451.6	1.7095e-08
451.8	1.5293e-08
452.0	1.3682e-08
452.2	1.224e-08
452.4	1.095e-08
452.6	9.7959e-09
452.8	8.7636e-09
453.0	7.8401e-09
453.2	8.2105e-09
453.4	9.47e-09
453.6	1.0923e-08
453.8	1.2598e-08
454.0	1.4531e-08
454.2	1.676e-08
454.4	1.9331e-08
454.6	2.2296e-08
454.8	2.5717e-08
455.0	2.9662e-08
455.2	2.589e-08
455.4	2.2598e-08
455.6	1.9725e-08
455.8	1.7217e-08
456.0	1.5028e-08
456.2	1.3117e-08
456.4	1.1449e-08
456.6	9.9937e-09
456.8	8.723e-09
457.0	7.6283e-09
457.2	9.7235e-09
457.4	1.2394e-08
457.6	1.5798e-08
457.8	2.0138e-08
458.0	2.5669e-08
458.2	3.2719e-08
458.4	4.1705e-08
458.6	5.316e-08
458.8	6.7761e-08
459.0	8.6372e-08
459.2	8.9812e-08
459.4	9.0951e-08
459.6	9.2104e-08
459.8	9.3272e-08
460.0	9.4455e-08
460.2	9.5652e-08
460.4	9.6865e-08
460.6	9.8094e-08
460.8	9.9337e-08
461.0	1.006e-07
461.2	9.3096e-08
461.4	8.3866e-08
461.6	7.5552e-08
461.8	6.8062e-08
462.0	6.1314e-08
462.2	5.5236e-08
462.4	4.976e-08
462.6	4.4826e-08
462.8	4.0382e-08
463.0	3.6379e-08
463.2	3.5078e-08
463.4	3.5057e-08
463.6	3.5036e-08
463.8	3.5015e-08
464.0	3.4994e-08
464.2	3.4973e-08
464.4	3.4952e-08
464.6	3.4931e-08
464.8	3.491e-08
465.0	3.489e-08
465.2	4.0326e-08
465.4	4.661e-08
465.6	5.3873e-08
465.8	6.2268e-08
466.0	7.197e-08
466.2	8.3185e-08
466.4	9.6147e-08
466.6	1.1113e-07
466.8	1.2845e-07
467.0	1.4846e-07
467.2	1.4417e-07
467.4	1.3925e-07
467.6	1.345e-07
467.8	1.2991e-07
468.0	1.2548e-07
468.2	1.212e-07
468.4	1.1707e-07
468.6	1.1307e-07
468.8	1.0922e-07
469.0	1.0549e-07
469.2	1.0411e-07
469.4	1.0313e-07
469.6	1.0216e-07
469.8	1.0119e-07
470.0	1.0024e-07
470.2	9.929e-08
470.4	9.8352e-08
470.6	9.7423e-08
470.8	9.6503e-08
471.0	9.5592e-08
471.2	9.2979e-08
471.4	8.9875e-08
471.6	8.6875e-08
471.8	8.3975e-08
472.0	8.1172e-08
472.2	7.8462e-08
472.4	7.5843e-08
472.6	7.3311e-08
472.8	7.0864e-08
473.0	6.8498e-08
473.2	7.1777e-08
473.4	7.8783e-08
473.6	8.6473e-08
473.8	9.4914e-08
474.0	1.0418e-07
474.2	1.1435e-07
474.4	1.2551e-07
474.6	1.3776e-07
474.8	1.5121e-07
475.0	1.6597e-07
475.2	1.6308e-07
475.4	1.6024e-07
475.6	1.5746e-07
475.8	1.5472e-07
476.0	1.5202e-07
476.2	1.4938e-07
476.4	1.4678e-07
476.6	1.4422e-07
476.8	1.4171e-07
477.0	1.3925e-07
477.2	1.3754e-07
477.4	1.3586e-07
477.6	1.3421e-07
477.8	1.3257e-07
478.0	1.3095e-07
478.2	1.2935e-07
478.4	1.2777e-07
478.6	1.2622e-07
478.8	1.2467e-07
479.0	1.2315e-07
479.2	1.2698e-07
479.4	1.3168e-07
479.6	1.3657e-07
479.8	1.4163e-07
480.0	1.4688e-07
480.2	1.5233e-07
480.4	1.5798e-07
480.6	1.6383e-07
480.8	1.6991e-07
481.0	1.7621e-07
481.2	1.7657e-07
481.4	1.7517e-07
481.6	1.7379e-07
481.8	1.7242e-07
482.0	1.7106e-07
482.2	1.6971e-07
482.4	1.6837e-07
482.6	1.6704e-07
482.8	1.6572e-07
483.0	1.6441e-07
483.2	1.6152e-07
483.4	1.5793e-07
483.6	1.5442e-07
483.8	1.5099e-07
484.0	1.4763e-07
484.2	1.4435e-07
484.4	1.4114e-07
484.6	1.3801e-07
484.8	1.3494e-07
485.0	1.3194e-07
485.2	1.3171e-07
485.4	1.3147e-07
485.6	1.3124e-07
485.8	1.3101e-07
486.0	1.3077e-07
486.2	1.3054e-07
486.4	1.3031e-07
486.6	1.3008e-07
486.8	1.2985e-07
487.0	1.2962e-07
487.2	1.3142e-07
487.4	1.3335e-07
487.6	1.3531e-07
487.8	1.3729e-07
488.0	1.3931e-07
488.2	1.4135e-07
488.4	1.4343e-07
488.6	1.4553e-07
488.8	1.4767e-07
489.0	1.4984e-07
489.2	1.4786e-07
489.4	1.4523e-07
489.6	1.4265e-07
489.8	1.4011e-07
490.0	1.3762e-07
490.2	1.3517e-07
490.4	1.3276e-07
490.6	1.304e-07
490.8	1.2808e-07
491.0	1.258e-07
491.2	1.2819e-07
491.4	1.322e-07
491.6	1.3633e-07
491.8	1.4059e-07
492.0	1.4499e-07
492.2	1.4952e-07
492.4	1.542e-07
492.6	1.5902e-07
492.8	1.6399e-07
493.0	1.6911e-07
493.2	1.6997e-07
493.4	1.6858e-07
493.6	1.6721e-07
493.8	1.6584e-07
494.0	1.6449e-07
494.2	1.6314e-07
494.4	1.6181e-07
494.6	1.6049e-07
494.8	1.5918e-07
495.0	1.5788e-07
495.2	1.5432e-07
495.4	1.5084e-07
495.6	1.4744e-07
495.8	1.4412e-07
496.0	1.4087e-07
496.2	1.3769e-07
496.4	1.3459e-07
496.6	1.3155e-07
496.8	1.2859e-07
497.0	1.2569e-07
497.2	1.2546e-07
497.4	1.2537e-07
497.6	1.2528e-07
497.8	1.2519e-07
498.0	1.2511e-07
498.2	1.2502e-07
498.4	1.2493e-07
498.6	1.2484e-07
498.8	1.2475e-07
499.0	1.2466e-07
499.2	1.2536e-07
499.4	1.262e-07
499.6	1.2705e-07
499.8	1.279e-07
500.0	1.2875e-07
500.2	1.2962e-07
500.4	1.3048e-07
500.6	1.3136e-07
500.8	1.3224e-07
501.0	1.3312e-07
501.2	1.3492e-07
501.4	1.3702e-07
501.6	1.3915e-07
501.8	1.4132e-07
502.0	1.4353e-07
502.2	1.4576e-07
502.4	1.4803e-07
502.6	1.5034e-07
502.8	1.5268e-07
503.0	1.5506e-07
503.2	1.5656e-07
503.4	1.5762e-07
503.6	1.5869e-07
503.8	1.5976e-07
504.0	1.6085e-07
504.2	1.6194e-07
504.4	1.6304e-07
504.6	1.6414e-07
504.8	1.6525e-07
505.0	1.6637e-07
505.2	1.6637e-07
505.4	1.6637e-07
505.6	1.6637e-07
505.8	1.6636e-07
506.0	1.6636e-07
506.2	1.6636e-07
506.4	1.6635e-07
506.6	1.6635e-07
506.8	1.6635e-07
507.0	1.6634e-07
507.2	1.6806e-07
507.4	1.6986e-07
507.6	1.7168e-07
507.8	1.7352e-07
508.0	1.7538e-07
508.2	1.7726e-07
508.4	1.7916e-07
508.6	1.8108e-07
508.8	1.8302e-07
509.0	1.8498e-07
509.2	1.8514e-07
509.4	1.8505e-07
509.6	1.8495e-07
509.8	1.8486e-07
510.0	1.8477e-07
510.2	1.8467e-07
510.4	1.8458e-07
510.6	1.8449e-07
510.8	1.8439e-07
511.0	1.843e-07
511.2	1.8727e-07
511.4	1.9112e-07
511.6	1.9505e-07
511.8	1.9907e-07
512.0	2.0316e-07
512.2	2.0734e-07
512.4	2.1161e-07
512.6	2.1596e-07
512.8	2.204e-07
513.0	2.2494e-07
513.2	2.2298e-07
513.4	2.1836e-07
513.6	2.1383e-07
513.8	2.094e-07
514.0	2.0506e-07
514.2	2.0081e-07
514.4	1.9665e-07
514.6	1.9258e-07
514.8	1.8859e-07
515.0	1.8468e-07
515.2	1.8064e-07
515.4	1.767e-07
515.6	1.7284e-07
515.8	1.6907e-07
516.0	1.6537e-07
516.2	1.6176e-07
516.4	1.5823e-07
516.6	1.5477e-07
516.8	1.5139e-07
517.0	1.4809e-07
517.2	1.4838e-07
517.4	1.4897e-07
517.6	1.4955e-07
517.8	1.5014e-07
518.0	1.5074e-07
518.2	1.5133e-07
518.4	1.5193e-07
518.6	1.5253e-07
518.8	1.5313e-07
519.0	1.5373e-07
519.2	1.543e-07
519.4	1.5486e-07
519.6	1.5543e-07
519.8	1.56e-07
520.0	1.5657e-07
520.2	1.5715e-07
520.4	1.5772e-07
520.6	1.583e-07
520.8	1.5888e-07
521.0	1.5946e-07
521.2	1.5981e-07
521.4	1.6009e-07
521.6	1.6037e-07
521.8	1.6065e-07
522.0	1.6094e-07
522.2	1.6122e-07
522.4	1.615e-07
522.6	1.6178e-07
522.8	1.6207e-07
523.0	1.6235e-07
523.2	1.6234e-07
523.4	1.6219e-07
523.6	1.6204e-07
523.8	1.619e-07
524.0	1.6175e-07
524.2	1.616e-07
524.4	1.6145e-07
524.6	1.613e-07
524.8	1.6116e-07
525.0	1.6101e-07
525.2	1.5894e-07
525.4	1.569e-07
525.6	1.5488e-07
525.8	1.5289e-07
526.0	1.5093e-07
526.2	1.4899e-07
526.4	1.4707e-07
526.6	1.4518e-07
526.8	1.4331e-07
527.0	1.4147e-07
527.2	1.4185e-07
527.4	1.4238e-07
527.6	1.4291e-07
527.8	1.4343e-07
528.0	1.4396e-07
528.2	1.445e-07
528.4	1.4503e-07
528.6	1.4557e-07
528.8	1.4611e-07
529.0	1.4665e-07
529.2	1.4719e-07
529.4	1.4773e-07
529.6	1.4853e-07
529.8	1.4965e-07
530.0	1.5079e-07
530.2	1.5194e-07
530.4	1.5309e-07
530.6	1.5425e-07
530.8	1.5542e-07
531.0	1.566e-07
531.2	1.5779e-07
531.4	1.5899e-07
531.6	1.6024e-07
531.8	1.616e-07
532.0	1.6297e-07
532.2	1.6435e-07
532.4	1.6574e-07
532.6	1.6715e-07
532.8	1.6857e-07
533.0	1.6999e-07
533.2	1.7143e-07
533.4	1.7289e-07
533.6	1.7462e-07
533.8	1.7707e-07
534.0	1.7956e-07
534.2	1.8208e-07
534.4	1.8463e-07
534.6	1.8723e-07
534.8	1.8985e-07
535.0	1.9252e-07
535.2	1.9522e-07
535.4	1.9796e-07
535.6	1.9967e-07
535.8	1.9969e-07
536.0	1.997e-07
536.2	1.9972e-07
536.4	1.9973e-07
536.6	1.9975e-07
536.8	1.9976e-07
537.0	1.9977e-07
537.2	1.9979e-07
537.4	1.998e-07
537.6	1.9982e-07
537.8	1.9983e-07
538.0	1.9985e-07
538.2	1.7759e-07
538.4	1.502e-07
538.6	1.2704e-07
538.8	1.0745e-07
539.0	9.0874e-08
539.2	7.6859e-08
539.4	6.5006e-08
539.6	5.498e-08
539.8	4.6501e-08
540.0	3.9329e-08
540.2	2.2692e-08
540.4	3.9425e-08
540.6	4.4455e-08
540.8	4.8687e-08
541.0	5.5494e-08
541.2	5.5395e-08
541.4	3.3408e-08
541.6	1.1337e-08
541.8	2.5968e-08
542.0	3.8998e-08
542.2	3.9554e-08
542.4	2.751e-08
542.6	1.1455e-08
542.8	3.8597e-08
543.0	3.3523e-08
543.2	1.455e-08
543.4	1.088e-08
543.6	1.3629e-08
543.8	2.3573e-08
544.0	4.0913e-08
544.2	3.4425e-08
544.4	5.9472e-08
544.6	6.4583e-08
544.8	4.584e-08
545.0	3.2268e-08
545.2	3.5025e-08
545.4	7.6474e-08
545.6	7.1211e-08
545.8	7.3924e-08
546.0	5.2029e-08
546.2	5.1643e-08
546.4	5.8184e-08
546.6	4.4485e-08
546.8	8.4715e-08
547.0	6.9073e-08
547.2	5.5465e-08
547.4	4.6659e-08
547.6	5.0626e-08
547.8	4.4e-08
548.0	1.0782e-08
548.2	6.7025e-08
548.4	8.3459e-08
548.6	5.8686e-08
548.8	3.9558e-08
549.0	4.5941e-08
549.2	7.5543e-08
549.4	4.3399e-08
549.6	4.2282e-08
549.8	6.487e-08
550.0	7.6084e-08
550.2	7.945e-08
550.4	6.7014e-08
550.6	4.5278e-08
550.8	7.0627e-08
551.0	5.7931e-08
551.2	4.6088e-08
551.4	4.233e-08
551.6	5.1562e-08
551.8	7.5392e-08
552.0	1.1633e-07
552.2	1.164e-07
552.4	1.1638e-07
552.6	1.0769e-07
552.8	9.6977e-08
553.0	9.504e-08
553.2	9.648e-08
553.4	1.1437e-07
553.6	1.366e-07
553.8	1.6488e-07
554.0	1.9073e-07
554.2	2.0126e-07
554.4	2.6043e-07
554.6	3.9753e-07
554.8	4.4641e-07
555.0	5.3386e-07
555.2	6.8295e-07
555.4	9.2846e-07
555.6	1.2462e-06
555.8	1.5599e-06
556.0	2.0732e-06
556.2	2.7254e-06
556.4	3.8928e-06
556.6	5.1698e-06
556.8	7.4142e-06
557.0	1.0457e-05
557.2	1.4563e-05
557.4	2.0419e-05
557.6	3.0046e-05
557.8	4.34e-05
558.0	6.3285e-05
558.2	9.3847e-05
558.4	1.3896e-04
558.6	2.0959e-04
558.8	3.1832e-04
559.0	4.9387e-04
559.2	7.8439e-04
559.4	0.00126
559.6	0.00206
559.8	0.00362
560.0	0.00609
560.2	0.01048
560.4	0.01863
560.6	0.03413
560.8	0.06459
561.0	0.12382
561.2	0.24556
561.4	0.42794
561.6	0.65265
561.8	0.83556
562.0	0.93763
562.2	0.97328
562.4	0.98089
562.6	0.98342
562.8	0.98456
563.0	0.98663
563.2	0.98834
563.4	0.99012
563.6	0.98999
563.8	0.98916
564.0	0.98916
564.2	0.98935
564.4	0.99
564.6	0.9907
564.8	0.99138
565.0	0.99256
565.2	0.9937
565.4	0.99428
565.6	0.99388
565.8	0.99344
566.0	0.99303
566.2	0.99303
566.4	0.99212
566.6	0.99118
566.8	0.99075
567.0	0.98975
567.2	0.99023
567.4	0.98989
567.6	0.99021
567.8	0.99034
568.0	0.99034
568.2	0.99058
568.4	0.99033
568.6	0.99019
568.8	0.98875
569.0	0.98787
569.2	0.98653
569.4	0.98536
569.6	0.98369
569.8	0.98244
570.0	0.9809
570.2	0.97985
570.4	0.97901
570.6	0.97785
570.8	0.97821
571.0	0.97765
571.2	0.97702
571.4	0.97814
571.6	0.97863
571.8	0.97948
572.0	0.98042
572.2	0.98108
572.4	0.98283
572.6	0.98388
572.8	0.98408
573.0	0.98504
573.2	0.98507
573.4	0.98588
573.6	0.98596
573.8	0.98701
574.0	0.98657
574.2	0.98701
574.4	0.98741
574.6	0.98708
574.8	0.98784
575.0	0.98661
575.2	0.98766
575.4	0.98755
575.6	0.98788
575.8	0.98754
576.0	0.98791
576.2	0.98854
576.4	0.98876
576.6	0.98911
576.8	0.98955
577.0	0.98914
577.2	0.99011
577.4	0.9902
577.6	0.99018
577.8	0.99031
578.0	0.99043
578.2	0.99049
578.4	0.98992
578.6	0.9895
578.8	0.98925
579.0	0.98892
579.2	0.98869
579.4	0.98856
579.6	0.98773
579.8	0.98848
580.0	0.98833
580.2	0.98864
580.4	0.98952
580.6	0.98883
580.8	0.98947
581.0	0.98929
581.2	0.989
581.4	0.98981
581.6	0.98958
581.8	0.98968
582.0	0.98982
582.2	0.99021
582.4	0.98989
582.6	0.98951
582.8	0.99035
583.0	0.98956
583.2	0.98954
583.4	0.98972
583.6	0.98856
583.8	0.98788
584.0	0.98697
584.2	0.98625
584.4	0.98567
584.6	0.98533
584.8	0.98495
585.0	0.9843
585.2	0.98368
585.4	0.983
585.6	0.98349
585.8	0.98281
586.0	0.98357
586.2	0.98332
586.4	0.9831
586.6	0.98411
586.8	0.98466
587.0	0.9854
587.2	0.98538
587.4	0.98592
587.6	0.98681
587.8	0.98757
588.0	0.98739
588.2	0.98837
588.4	0.98817
588.6	0.98799
588.8	0.98838
589.0	0.98917
589.2	0.98905
589.4	0.98871
589.6	0.98778
589.8	0.98723
590.0	0.98732
590.2	0.98672
590.4	0.98535
590.6	0.98473
590.8	0.98385
591.0	0.98284
591.2	0.98216
591.4	0.98164
591.6	0.98143
591.8	0.9808
592.0	0.97944
592.2	0.97972
592.4	0.97927
592.6	0.98
592.8	0.98078
593.0	0.98058
593.2	0.98
593.4	0.98068
593.6	0.98144
593.8	0.98249
594.0	0.9834
594.2	0.98481
594.4	0.98611
594.6	0.98625
594.8	0.98783
595.0	0.98901
595.2	0.98993
595.4	0.991
595.6	0.99305
595.8	0.99367
596.0	0.99393
596.2	0.9941
596.4	0.99386
596.6	0.99516
596.8	0.99499
597.0	0.99533
597.2	0.99526
597.4	0.99513
597.6	0.99498
597.8	0.99374
598.0	0.9939
598.2	0.99434
598.4	0.99294
598.6	0.99281
598.8	0.99214
599.0	0.99137
599.2	0.99111
599.4	0.99047
599.6	0.98923
599.8	0.98795
600.0	0.98619
600.2	0.9839
600.4	0.98117
600.6	0.97944
600.8	0.97614
601.0	0.97298
601.2	0.97031
601.4	0.96636
601.6	0.9638
601.8	0.96006
602.0	0.9565
602.2	0.95233
602.4	0.95017
602.6	0.94875
602.8	0.94721
603.0	0.94654
603.2	0.94659
603.4	0.94707
603.6	0.94844
603.8	0.95041
604.0	0.95127
604.2	0.95229
604.4	0.95339
604.6	0.95343
604.8	0.95205
605.0	0.94842
605.2	0.94265
605.4	0.93335
605.6	0.91992
605.8	0.8998
606.0	0.87061
606.2	0.82843
606.4	0.76941
606.6	0.69605
606.8	0.60783
607.0	0.50984
607.2	0.41085
607.4	0.31915
607.6	0.24075
607.8	0.17773
608.0	0.12898
608.2	0.09278
608.4	0.06657
608.6	0.04791
608.8	0.03468
609.0	0.02523
609.2	0.01769
609.4	0.01303
609.6	0.00966
609.8	0.00725
610.0	0.00545
610.2	0.00416
610.4	0.00318
610.6	0.00247
610.8	0.00191
611.0	0.00148
611.2	0.00115
611.4	9.1518e-04
611.6	7.271e-04
611.8	5.7569e-04
612.0	4.4753e-04
612.2	3.6134e-04
612.4	2.9043e-04
612.6	2.3707e-04
612.8	1.9128e-04
613.0	1.5785e-04
613.2	1.2869e-04
613.4	1.0873e-04
613.6	9.0071e-05
613.8	7.4532e-05
614.0	6.2125e-05
614.2	5.2325e-05
614.4	4.3416e-05
614.6	3.6239e-05
614.8	3.0816e-05
615.0	2.6035e-05
615.2	2.18e-05
615.4	1.8918e-05
615.6	1.5854e-05
615.8	1.3646e-05
616.0	1.1923e-05
616.2	1.0256e-05
616.4	8.6456e-06
616.6	7.2642e-06
616.8	6.3425e-06
617.0	5.6113e-06
617.2	4.9164e-06
617.4	4.2914e-06
617.6	3.8193e-06
617.8	3.3786e-06
618.0	2.8982e-06
618.2	2.4589e-06
618.4	2.3057e-06
618.6	2.1224e-06
618.8	1.8889e-06
619.0	1.7109e-06
619.2	1.4567e-06
619.4	1.3033e-06
619.6	1.2184e-06
619.8	1.1046e-06
620.0	9.7061e-07
620.2	8.5763e-07
620.4	8.3939e-07
620.6	7.6462e-07
620.8	6.5336e-07
621.0	5.5519e-07
621.2	5.3368e-07
621.4	5.0638e-07
621.6	4.309e-07
621.8	4.0403e-07
622.0	4.0007e-07
622.2	4.1511e-07
622.4	3.6235e-07
622.6	3.086e-07
622.8	2.759e-07
623.0	2.6647e-07
623.2	2.4021e-07
623.4	2.0015e-07
623.6	2.075e-07
623.8	1.8955e-07
624.0	1.9094e-07
624.2	1.9889e-07
624.4	1.6919e-07
624.6	1.8188e-07
624.8	1.0027e-07
625.0	1.3093e-07
625.2	1.3245e-07
625.4	1.151e-07
625.6	9.1163e-08
625.8	6.9174e-08
626.0	8.0547e-08
626.2	3.0318e-08
626.4	5.6894e-08
626.6	4.9577e-08
626.8	6.241e-08
627.0	1.0393e-07
627.2	3.0433e-08
627.4	1.0357e-07
627.6	8.9816e-08
627.8	9.4498e-08
628.0	5.9418e-08
628.2	5.6081e-08
628.4	1.1503e-07
628.6	1.0721e-07
628.8	9.7038e-08
629.0	1.0568e-07
629.2	7.8442e-08
629.4	6.8191e-08
629.6	8.1509e-08
629.8	1.2007e-07
630.0	7.3165e-08
630.2	6.2114e-08
630.4	7.8917e-08
630.6	1.0271e-07
630.8	3.2421e-08
631.0	1.0776e-07
631.2	1.1825e-07
631.4	5.6509e-08
631.6	5.4721e-08
631.8	6.6751e-08
632.0	6.9126e-08
632.2	7.6619e-08
632.4	8.1412e-08
632.6	5.8757e-08
632.8	4.2514e-08
633.0	5.2746e-08
633.2	6.6111e-08
633.4	7.4618e-08
633.6	4.7145e-08
633.8	2.1163e-08
634.0	2.9272e-08
634.2	2.9552e-08
634.4	3.7412e-08
634.6	6.3879e-08
634.8	6.109e-08
635.0	2.8571e-08
635.2	1.2768e-08
635.4	6.0517e-08
635.6	8.2651e-08
635.8	8.1738e-08
636.0	7.8556e-08
636.2	7.8881e-08
636.4	5.8763e-08
636.6	3.2194e-08
636.8	6.343e-08
637.0	4.6647e-08
637.2	2.0596e-08
637.4	1.6299e-08
637.6	2.9439e-08
637.8	4.0078e-08
638.0	2.0311e-08
638.2	4.2204e-08
638.4	2.7797e-08
638.6	3.1418e-08
638.8	3.1152e-08
639.0	2.3268e-08
639.2	3.8111e-08
639.4	1.0714e-07
639.6	7.6034e-08
639.8	6.3034e-08
640.0	5.7578e-08
640.2	7.513e-08
640.4	1.0491e-07
640.6	6.9287e-08
640.8	1.0955e-08
641.0	2.2331e-08
641.2	2.9262e-08
641.4	3.8797e-08
641.6	6.1304e-08
641.8	7.3854e-08
642.0	7.6902e-08
642.2	3.183e-08
642.4	1.3202e-08
642.6	9.6585e-09
642.8	1.7263e-08
643.0	4.6094e-08
643.2	5.5087e-08
643.4	7.5618e-08
643.6	6.0084e-08
643.8	5.1232e-08
644.0	6.9972e-08
644.2	1.0451e-07
644.4	1.0008e-07
644.6	9.9055e-08
644.8	1.0727e-07
645.0	1.2994e-07
645.2	7.8805e-08
645.4	8.8752e-08
645.6	1.3659e-07
645.8	9.8296e-08
646.0	8.7788e-08
646.2	7.4956e-08
646.4	8.2113e-08
646.6	9.4235e-08
646.8	9.419e-08
647.0	1.0432e-07
647.2	1.287e-07
647.4	1.419e-07
647.6	1.2624e-07
647.8	1.3251e-07
648.0	1.4506e-07
648.2	1.5009e-07
648.4	1.4737e-07
648.6	1.6264e-07
648.8	1.5531e-07
649.0	1.7e-07
649.2	1.8469e-07
649.4	1.9467e-07
649.6	1.8244e-07
649.8	1.6226e-07
650.0	2.4431e-07
650.2	2.3539e-07
650.4	1.9623e-07
650.6	1.9387e-07
650.8	2.1119e-07
651.0	2.467e-07
651.2	2.8401e-07
651.4	3.1254e-07
651.6	3.0212e-07
651.8	3.3158e-07
652.0	3.3261e-07
652.2	3.7018e-07
652.4	4.3917e-07
652.6	4.6111e-07
652.8	4.5717e-07
653.0	4.8227e-07
653.2	4.8272e-07
653.4	5.1727e-07
653.6	5.814e-07
653.8	6.6058e-07
654.0	7.2249e-07
654.2	7.7353e-07
654.4	9.4074e-07
654.6	9.4909e-07
654.8	9.6954e-07
655.0	9.9688e-07
655.2	1.0346e-06
655.4	1.1269e-06
655.6	1.0692e-06
655.8	9.8984e-07
656.0	1.0423e-06
656.2	9.8548e-07
656.4	8.6521e-07
656.6	7.8289e-07
656.8	8.9662e-07
657.0	7.1743e-07
657.2	6.2646e-07
657.4	6.0748e-07
657.6	5.4183e-07
657.8	4.7059e-07
658.0	4.4558e-07
658.2	3.9921e-07
658.4	3.3591e-07
658.6	3.2995e-07
658.8	3.0755e-07
659.0	2.7854e-07
659.2	2.3944e-07
659.4	2.4809e-07
659.6	2.7783e-07
659.8	2.446e-07
660.0	2.2412e-07
660.2	1.8985e-07
660.4	1.7944e-07
660.6	1.8253e-07
660.8	1.5302e-07
661.0	1.6087e-07
661.2	1.6733e-07
661.4	1.7139e-07
661.6	2.2274e-07
661.8	1.5855e-07
662.0	1.7279e-07
662.2	1.8336e-07
662.4	1.747e-07
662.6	2.1683e-07
662.8	1.8952e-07
663.0	1.8964e-07
663.2	1.3192e-07
663.4	2.3969e-07
663.6	1.9818e-07
663.8	1.9839e-07
664.0	1.5248e-07
664.2	1.4368e-07
664.4	1.526e-07
664.6	1.8544e-07
664.8	1.8408e-07
665.0	1.7644e-07
665.2	1.6863e-07
665.4	1.6951e-07
665.6	1.6327e-07
665.8	1.746e-07
666.0	2.2236e-07
666.2	2.9955e-07
666.4	2.8351e-07
666.6	3.091e-07
666.8	3.0787e-07
667.0	2.9489e-07
667.2	3.3508e-07
667.4	3.8906e-07
667.6	3.6633e-07
667.8	3.8975e-07
668.0	4.7337e-07
668.2	5.4784e-07
668.4	6.2497e-07
668.6	6.9105e-07
668.8	7.0618e-07
669.0	9.6684e-07
669.2	1.0832e-06
669.4	1.181e-06
669.6	1.2698e-06
669.8	1.4216e-06
670.0	1.536e-06
670.2	1.4421e-06
670.4	1.4256e-06
670.6	1.2702e-06
670.8	1.2164e-06
671.0	1.1114e-06
671.2	9.8253e-07
671.4	7.1074e-07
671.6	6.1443e-07
671.8	5.3738e-07
672.0	4.9597e-07
672.2	4.401e-07
672.4	4.2624e-07
672.6	3.7995e-07
672.8	3.7736e-07
673.0	3.0266e-07
673.2	2.709e-07
673.4	2.2519e-07
673.6	1.9942e-07
673.8	2.0466e-07
674.0	1.7985e-07
674.2	1.6335e-07
674.4	1.5169e-07
674.6	1.5228e-07
674.8	1.7298e-07
675.0	1.342e-07
675.2	2.2899e-07
675.4	2.2728e-07
675.6	2.2558e-07
675.8	2.2389e-07
676.0	2.2222e-07
676.2	2.2056e-07
676.4	2.1891e-07
676.6	2.1727e-07
676.8	2.1565e-07
677.0	2.1404e-07
677.2	2.1176e-07
677.4	2.0933e-07
677.6	2.0693e-07
677.8	2.0455e-07
678.0	2.022e-07
678.2	1.9987e-07
678.4	1.9758e-07
678.6	1.9531e-07
678.8	1.9306e-07
679.0	1.9084e-07
679.2	1.9e-07
679.4	1.8949e-07
679.6	1.8897e-07
679.8	1.8846e-07
680.0	1.8796e-07
680.2	1.8745e-07
680.4	1.8694e-07
680.6	1.8644e-07
680.8	1.8593e-07
681.0	1.8543e-07
681.2	1.8532e-07
681.4	1.8529e-07
681.6	1.8525e-07
681.8	1.8522e-07
682.0	1.8519e-07
682.2	1.8516e-07
682.4	1.8513e-07
682.6	1.851e-07
682.8	1.8506e-07
683.0	1.8503e-07
683.2	1.82e-07
683.4	1.7852e-07
683.6	1.751e-07
683.8	1.7175e-07
684.0	1.6847e-07
684.2	1.6525e-07
684.4	1.6209e-07
684.6	1.5899e-07
684.8	1.5595e-07
685.0	1.5296e-07
685.2	1.5345e-07
685.4	1.5442e-07
685.6	1.5541e-07
685.8	1.564e-07
686.0	1.574e-07
686.2	1.584e-07
686.4	1.5941e-07
686.6	1.6043e-07
686.8	1.6146e-07
687.0	1.6249e-07
687.2	1.6453e-07
687.4	1.6689e-07
687.6	1.6929e-07
687.8	1.7172e-07
688.0	1.7419e-07
688.2	1.7669e-07
688.4	1.7923e-07
688.6	1.818e-07
688.8	1.8441e-07
689.0	1.8706e-07
689.2	1.9246e-07
689.4	1.9871e-07
689.6	2.0516e-07
689.8	2.1183e-07
690.0	2.1871e-07
690.2	2.2581e-07
690.4	2.3315e-07
690.6	2.4072e-07
690.8	2.4854e-07
691.0	2.5661e-07
691.2	2.6784e-07
691.4	2.8017e-07
691.6	2.9308e-07
691.8	3.0658e-07
692.0	3.207e-07
692.2	3.3547e-07
692.4	3.5092e-07
692.6	3.6708e-07
692.8	3.8399e-07
693.0	4.0167e-07
693.2	4.199e-07
693.4	4.389e-07
693.6	4.5877e-07
693.8	4.7953e-07
694.0	5.0124e-07
694.2	5.2392e-07
694.4	5.4764e-07
694.6	5.7243e-07
694.8	5.9834e-07
695.0	6.2542e-07
695.2	6.4e-07
695.4	6.5303e-07
695.6	6.6632e-07
695.8	6.7988e-07
696.0	6.9372e-07
696.2	7.0785e-07
696.4	7.2226e-07
696.6	7.3696e-07
696.8	7.5196e-07
697.0	7.6727e-07
697.2	7.4039e-07
697.4	7.0363e-07
697.6	6.6868e-07
697.8	6.3548e-07
698.0	6.0392e-07
698.2	5.7393e-07
698.4	5.4543e-07
698.6	5.1834e-07
698.8	4.926e-07
699.0	4.6814e-07
699.2	4.4238e-07
699.4	4.1752e-07
699.6	3.9406e-07
699.8	3.7192e-07
700.0	3.5102e-07
700.2	3.313e-07
700.4	3.1268e-07
700.6	2.9511e-07
700.8	2.7853e-07
701.0	2.6288e-07
701.2	2.5418e-07
701.4	2.4678e-07
701.6	2.396e-07
701.8	2.3262e-07
702.0	2.2585e-07
702.2	2.1928e-07
702.4	2.1289e-07
702.6	2.067e-07
702.8	2.0068e-07
703.0	1.9484e-07
703.2	1.8683e-07
703.4	1.7889e-07
703.6	1.7129e-07
703.8	1.6401e-07
704.0	1.5704e-07
704.2	1.5037e-07
704.4	1.4398e-07
704.6	1.3786e-07
704.8	1.32e-07
705.0	1.2639e-07
705.2	1.2606e-07
705.4	1.2656e-07
705.6	1.2707e-07
705.8	1.2757e-07
706.0	1.2808e-07
706.2	1.2859e-07
706.4	1.2911e-07
706.6	1.2962e-07
706.8	1.3014e-07
707.0	1.3066e-07
707.2	1.3212e-07
707.4	1.3389e-07
707.6	1.3569e-07
707.8	1.3751e-07
708.0	1.3936e-07
708.2	1.4124e-07
708.4	1.4314e-07
708.6	1.4506e-07
708.8	1.4701e-07
709.0	1.4899e-07
709.2	1.5087e-07
709.4	1.5274e-07
709.6	1.5464e-07
709.8	1.5656e-07
710.0	1.585e-07
710.2	1.6047e-07
710.4	1.6246e-07
710.6	1.6448e-07
710.8	1.6652e-07
711.0	1.6859e-07
711.2	1.7223e-07
711.4	1.7624e-07
711.6	1.8034e-07
711.8	1.8454e-07
712.0	1.8883e-07
712.2	1.9323e-07
712.4	1.9773e-07
712.6	2.0233e-07
712.8	2.0704e-07
713.0	2.1186e-07
713.2	2.1259e-07
713.4	2.128e-07
713.6	2.1301e-07
713.8	2.1322e-07
714.0	2.1343e-07
714.2	2.1365e-07
714.4	2.1386e-07
714.6	2.1407e-07
714.8	2.1429e-07
715.0	2.145e-07
715.2	2.1652e-07
715.4	2.1885e-07
715.6	2.2121e-07
715.8	2.2359e-07
716.0	2.26e-07
716.2	2.2843e-07
716.4	2.3089e-07
716.6	2.3338e-07
716.8	2.3589e-07
717.0	2.3843e-07
717.2	2.3973e-07
717.4	2.4067e-07
717.6	2.416e-07
717.8	2.4254e-07
718.0	2.4349e-07
718.2	2.4443e-07
718.4	2.4539e-07
718.6	2.4634e-07
718.8	2.473e-07
719.0	2.4826e-07
719.2	2.5003e-07
719.4	2.5199e-07
719.6	2.5396e-07
719.8	2.5595e-07
720.0	2.5796e-07
720.2	2.5998e-07
720.4	2.6201e-07
720.6	2.6407e-07
720.8	2.6613e-07
721.0	2.6822e-07
721.2	2.7338e-07
721.4	2.7911e-07
721.6	2.8495e-07
721.8	2.9093e-07
722.0	2.9702e-07
722.2	3.0325e-07
722.4	3.096e-07
722.6	3.1609e-07
722.8	3.2271e-07
723.0	3.2947e-07
723.2	3.3399e-07
723.4	3.3837e-07
723.6	3.428e-07
723.8	3.4729e-07
724.0	3.5184e-07
724.2	3.5645e-07
724.4	3.6111e-07
724.6	3.6584e-07
724.8	3.7063e-07
725.0	3.7549e-07
725.2	3.8734e-07
725.4	4.0094e-07
725.6	4.1502e-07
725.8	4.296e-07
726.0	4.4468e-07
726.2	4.603e-07
726.4	4.7646e-07
726.6	4.932e-07
726.8	5.1051e-07
727.0	5.2844e-07
727.2	5.3564e-07
727.4	5.3873e-07
727.6	5.4183e-07
727.8	5.4496e-07
728.0	5.4811e-07
728.2	5.5127e-07
728.4	5.5445e-07
728.6	5.5765e-07
728.8	5.6087e-07
729.0	5.641e-07
729.2	5.6732e-07
729.4	5.7055e-07
729.6	5.7379e-07
729.8	5.7705e-07
730.0	5.8033e-07
730.2	5.8363e-07
730.4	5.8695e-07
730.6	5.9028e-07
730.8	5.9364e-07
731.0	5.9701e-07
731.2	6.0064e-07
731.4	6.0432e-07
731.6	6.0804e-07
731.8	6.1177e-07
732.0	6.1553e-07
732.2	6.1931e-07
732.4	6.2311e-07
732.6	6.2693e-07
732.8	6.3078e-07
733.0	6.3466e-07
733.2	6.404e-07
733.4	6.464e-07
733.6	6.5246e-07
733.8	6.5857e-07
734.0	6.6474e-07
734.2	6.7097e-07
734.4	6.7726e-07
734.6	6.836e-07
734.8	6.9001e-07
735.0	6.9647e-07
735.2	7.3043e-07
735.4	7.723e-07
735.6	8.1656e-07
735.8	8.6337e-07
736.0	9.1285e-07
736.2	9.6517e-07
736.4	1.0205e-06
736.6	1.079e-06
736.8	1.1408e-06
737.0	1.2062e-06
737.2	1.2942e-06
737.4	1.3973e-06
737.6	1.5085e-06
737.8	1.6287e-06
738.0	1.7583e-06
738.2	1.8983e-06
738.4	2.0495e-06
738.6	2.2126e-06
738.8	2.3888e-06
739.0	2.579e-06
739.2	2.7774e-06
739.4	2.9887e-06
739.6	3.2162e-06
739.8	3.4609e-06
740.0	3.7243e-06
740.2	4.0077e-06
740.4	4.3127e-06
740.6	4.6409e-06
740.8	4.9941e-06
741.0	5.3741e-06
741.2	5.2911e-06
741.4	5.1153e-06
741.6	4.9454e-06
741.8	4.7812e-06
742.0	4.6224e-06
742.2	4.4688e-06
742.4	4.3204e-06
742.6	4.1769e-06
742.8	4.0381e-06
743.0	3.904e-06
743.2	3.5749e-06
743.4	3.2528e-06
743.6	2.9597e-06
743.8	2.693e-06
744.0	2.4504e-06
744.2	2.2296e-06
744.4	2.0287e-06
744.6	1.8459e-06
744.8	1.6795e-06
745.0	1.5282e-06
745.2	1.4461e-06
745.4	1.3797e-06
745.6	1.3165e-06
745.8	1.2561e-06
746.0	1.1985e-06
746.2	1.1435e-06
746.4	1.0911e-06
746.6	1.0411e-06
746.8	9.9332e-07
747.0	9.4777e-07
747.2	9.1967e-07
747.4	8.9856e-07
747.6	8.7794e-07
747.8	8.5779e-07
748.0	8.381e-07
748.2	8.1887e-07
748.4	8.0008e-07
748.6	7.8171e-07
748.8	7.6377e-07
749.0	7.4625e-07
749.2	7.3965e-07
749.4	7.3617e-07
749.6	7.3271e-07
749.8	7.2926e-07
750.0	7.2583e-07
750.2	7.2242e-07
750.4	7.1902e-07
750.6	7.1564e-07
750.8	7.1228e-07
751.0	7.0893e-07
751.2	7.1598e-07
751.4	7.2505e-07
751.6	7.3423e-07
751.8	7.4353e-07
752.0	7.5294e-07
752.2	7.6248e-07
752.4	7.7213e-07
752.6	7.8191e-07
752.8	7.9181e-07
753.0	8.0184e-07
753.2	8.1543e-07
753.4	8.2955e-07
753.6	8.4391e-07
753.8	8.5852e-07
754.0	8.7339e-07
754.2	8.8851e-07
754.4	9.039e-07
754.6	9.1955e-07
754.8	9.3547e-07
755.0	9.5167e-07
755.2	9.8312e-07
755.4	1.0192e-06
755.6	1.0565e-06
755.8	1.0952e-06
756.0	1.1354e-06
756.2	1.177e-06
756.4	1.2201e-06
756.6	1.2649e-06
756.8	1.3112e-06
757.0	1.3593e-06
757.2	1.383e-06
757.4	1.3963e-06
757.6	1.4096e-06
757.8	1.4231e-06
758.0	1.4367e-06
758.2	1.4504e-06
758.4	1.4642e-06
758.6	1.4782e-06
758.8	1.4924e-06
759.0	1.5066e-06
759.2	1.501e-06
759.4	1.4897e-06
759.6	1.4786e-06
759.8	1.4676e-06
760.0	1.4566e-06
760.2	1.4457e-06
760.4	1.4349e-06
760.6	1.4242e-06
760.8	1.4135e-06
761.0	1.403e-06
761.2	1.3842e-06
761.4	1.3644e-06
761.6	1.3448e-06
761.8	1.3255e-06
762.0	1.3065e-06
762.2	1.2878e-06
762.4	1.2693e-06
762.6	1.2511e-06
762.8	1.2332e-06
763.0	1.2155e-06
763.2	1.1987e-06
763.4	1.1821e-06
763.6	1.1658e-06
763.8	1.1497e-06
764.0	1.1338e-06
764.2	1.1181e-06
764.4	1.1027e-06
764.6	1.0874e-06
764.8	1.0724e-06
765.0	1.0576e-06
765.2	1.0756e-06
765.4	1.1014e-06
765.6	1.1277e-06
765.8	1.1548e-06
766.0	1.1824e-06
766.2	1.2107e-06
766.4	1.2397e-06
766.6	1.2694e-06
766.8	1.2998e-06
767.0	1.3309e-06
767.2	1.369e-06
767.4	1.4108e-06
767.6	1.454e-06
767.8	1.4984e-06
768.0	1.5442e-06
768.2	1.5915e-06
768.4	1.6401e-06
768.6	1.6903e-06
768.8	1.7419e-06
769.0	1.7952e-06
769.2	1.8687e-06
769.4	1.9507e-06
769.6	2.0364e-06
769.8	2.1258e-06
770.0	2.2191e-06
770.2	2.3165e-06
770.4	2.4181e-06
770.6	2.5243e-06
770.8	2.6351e-06
771.0	2.7508e-06
771.2	2.8573e-06
771.4	2.9656e-06
771.6	3.078e-06
771.8	3.1947e-06
772.0	3.3158e-06
772.2	3.4415e-06
772.4	3.572e-06
772.6	3.7074e-06
772.8	3.848e-06
773.0	3.9939e-06
773.2	3.9298e-06
773.4	3.8571e-06
773.6	3.7858e-06
773.8	3.7157e-06
774.0	3.647e-06
774.2	3.5795e-06
774.4	3.5133e-06
774.6	3.4483e-06
774.8	3.3845e-06
775.0	3.3219e-06
775.2	3.2245e-06
775.4	3.1229e-06
775.6	3.0245e-06
775.8	2.9292e-06
776.0	2.8369e-06
776.2	2.7475e-06
776.4	2.6609e-06
776.6	2.577e-06
776.8	2.4958e-06
777.0	2.4172e-06
777.2	2.3221e-06
777.4	2.2229e-06
777.6	2.128e-06
777.8	2.0372e-06
778.0	1.9502e-06
778.2	1.867e-06
778.4	1.7873e-06
778.6	1.711e-06
778.8	1.638e-06
779.0	1.568e-06
779.2	1.5222e-06
779.4	1.4834e-06
779.6	1.4456e-06
779.8	1.4088e-06
780.0	1.3728e-06
780.2	1.3379e-06
780.4	1.3037e-06
780.6	1.2705e-06
780.8	1.2381e-06
781.0	1.2066e-06
781.2	1.1943e-06
781.4	1.1849e-06
781.6	1.1755e-06
781.8	1.1662e-06
782.0	1.157e-06
782.2	1.1478e-06
782.4	1.1387e-06
782.6	1.1297e-06
782.8	1.1208e-06
783.0	1.1119e-06
783.2	1.1063e-06
783.4	1.1009e-06
783.6	1.0955e-06
783.8	1.0902e-06
784.0	1.0848e-06
784.2	1.0795e-06
784.4	1.0742e-06
784.6	1.069e-06
784.8	1.0637e-06
785.0	1.0585e-06
785.2	1.0878e-06
785.4	1.1252e-06
785.6	1.1639e-06
785.8	1.204e-06
786.0	1.2454e-06
786.2	1.2883e-06
786.4	1.3327e-06
786.6	1.3785e-06
786.8	1.426e-06
787.0	1.4751e-06
787.2	1.5285e-06
787.4	1.5851e-06
787.6	1.6438e-06
787.8	1.7048e-06
788.0	1.7679e-06
788.2	1.8334e-06
788.4	1.9014e-06
788.6	1.9718e-06
788.8	2.0449e-06
789.0	2.1207e-06
789.2	2.2119e-06
789.4	2.3108e-06
789.6	2.4142e-06
789.8	2.5223e-06
790.0	2.6351e-06
790.2	2.753e-06
790.4	2.8762e-06
790.6	3.0049e-06
790.8	3.1393e-06
791.0	3.2798e-06
791.2	3.4206e-06
791.4	3.5666e-06
791.6	3.7189e-06
791.8	3.8777e-06
792.0	4.0432e-06
792.2	4.2158e-06
792.4	4.3958e-06
792.6	4.5835e-06
792.8	4.7791e-06
793.0	4.9831e-06
793.2	5.0558e-06
793.4	5.1259e-06
793.6	5.1971e-06
793.8	5.2691e-06
794.0	5.3422e-06
794.2	5.4163e-06
794.4	5.4915e-06
794.6	5.5677e-06
794.8	5.6449e-06
795.0	5.7124e-06
795.2	5.6475e-06
795.4	5.5833e-06
795.6	5.5198e-06
795.8	5.457e-06
796.0	5.395e-06
796.2	5.3506e-06
796.4	5.3288e-06
796.6	5.3071e-06
796.8	5.2854e-06
797.0	5.2639e-06
797.2	5.2424e-06
797.4	5.2211e-06
797.6	5.1998e-06
797.8	5.1786e-06
798.0	5.1575e-06
798.2	5.1229e-06
798.4	5.0765e-06
798.6	5.0306e-06
798.8	4.985e-06
799.0	4.9399e-06
799.2	4.8952e-06
799.4	4.8508e-06
799.6	4.8069e-06
799.8	4.7634e-06
800.0	4.7203e-06
800.2	4.717e-06
800.4	4.7366e-06
800.6	4.7562e-06
800.8	4.7759e-06
801.0	4.7957e-06
801.2	4.8156e-06
801.4	4.8356e-06
801.6	4.8556e-06
801.8	4.8758e-06
802.0	4.896e-06
802.2	4.9703e-06
802.4	5.0651e-06
802.6	5.1618e-06
802.8	5.2602e-06
803.0	5.3606e-06
803.2	5.4629e-06
803.4	5.5671e-06
803.6	5.6733e-06
803.8	5.7816e-06
804.0	5.8919e-06
804.2	5.9586e-06
804.4	6.0175e-06
804.6	6.0771e-06
804.8	6.1372e-06
805.0	6.198e-06
805.2	6.2593e-06
805.4	6.3213e-06
805.6	6.3838e-06
805.8	6.447e-06
806.0	6.5108e-06
806.2	6.5705e-06
806.4	6.6237e-06
806.6	6.6774e-06
806.8	6.7315e-06
807.0	6.7861e-06
807.2	6.8411e-06
807.4	6.8966e-06
807.6	6.9525e-06
807.8	7.0088e-06
808.0	7.0656e-06
808.2	6.9702e-06
808.4	6.7373e-06
808.6	6.5122e-06
808.8	6.2945e-06
809.0	6.0842e-06
809.2	5.8809e-06
809.4	5.6843e-06
809.6	5.4944e-06
809.8	5.3108e-06
810.0	5.1333e-06
810.2	4.9158e-06
810.4	4.6813e-06
810.6	4.458e-06
810.8	4.2454e-06
811.0	4.0429e-06
811.2	3.85e-06
811.4	3.6664e-06
811.6	3.4915e-06
811.8	3.325e-06
812.0	3.1664e-06
812.2	3.0235e-06
812.4	2.8898e-06
812.6	2.7621e-06
812.8	2.64e-06
813.0	2.5233e-06
813.2	2.4118e-06
813.4	2.3052e-06
813.6	2.2033e-06
813.8	2.1059e-06
814.0	2.0128e-06
814.2	1.9223e-06
814.4	1.8355e-06
814.6	1.7526e-06
814.8	1.6735e-06
815.0	1.5979e-06
815.2	1.5258e-06
815.4	1.4569e-06
815.6	1.3911e-06
815.8	1.3283e-06
816.0	1.2684e-06
816.2	1.2294e-06
816.4	1.2194e-06
816.6	1.2095e-06
816.8	1.1996e-06
817.0	1.1899e-06
817.2	1.1802e-06
817.4	1.1706e-06
817.6	1.161e-06
817.8	1.1516e-06
818.0	1.1422e-06
818.2	1.1286e-06
818.4	1.1112e-06
818.6	1.094e-06
818.8	1.0771e-06
819.0	1.0604e-06
819.2	1.044e-06
819.4	1.0279e-06
819.6	1.012e-06
819.8	9.9633e-07
820.0	9.8093e-07
820.2	9.6869e-07
820.4	9.5835e-07
820.6	9.4812e-07
820.8	9.38e-07
821.0	9.2798e-07
821.2	9.1808e-07
821.4	9.0827e-07
821.6	8.9858e-07
821.8	8.8898e-07
822.0	8.7949e-07
822.2	8.8041e-07
822.4	8.8488e-07
822.6	8.8938e-07
822.8	8.939e-07
823.0	8.9845e-07
823.2	9.0301e-07
823.4	9.076e-07
823.6	9.1222e-07
823.8	9.1685e-07
824.0	9.2151e-07
824.2	9.264e-07
824.4	9.3134e-07
824.6	9.363e-07
824.8	9.4129e-07
825.0	9.4631e-07
825.2	9.5135e-07
825.4	9.5643e-07
825.6	9.6153e-07
825.8	9.6665e-07
826.0	9.718e-07
826.2	9.8648e-07
826.4	1.0163e-06
826.6	1.0471e-06
826.8	1.0788e-06
827.0	1.1114e-06
827.2	1.145e-06
827.4	1.1797e-06
827.6	1.2153e-06
827.8	1.2521e-06
828.0	1.29e-06
828.2	1.3249e-06
828.4	1.3569e-06
828.6	1.3896e-06
828.8	1.4231e-06
829.0	1.4574e-06
829.2	1.4925e-06
829.4	1.5285e-06
829.6	1.5654e-06
829.8	1.6031e-06
830.0	1.6417e-06
830.2	1.6929e-06
830.4	1.7525e-06
830.6	1.8142e-06
830.8	1.878e-06
831.0	1.9442e-06
831.2	2.0126e-06
831.4	2.0835e-06
831.6	2.1568e-06
831.8	2.2328e-06
832.0	2.3114e-06
832.2	2.3869e-06
832.4	2.4629e-06
832.6	2.5414e-06
832.8	2.6224e-06
833.0	2.7059e-06
833.2	2.7922e-06
833.4	2.8811e-06
833.6	2.9729e-06
833.8	3.0677e-06
834.0	3.1654e-06
834.2	3.18e-06
834.4	3.1841e-06
834.6	3.1883e-06
834.8	3.1924e-06
835.0	3.1965e-06
835.2	3.2007e-06
835.4	3.2048e-06
835.6	3.2089e-06
835.8	3.2131e-06
836.0	3.2173e-06
836.2	3.2146e-06
836.4	3.1995e-06
836.6	3.1846e-06
836.8	3.1697e-06
837.0	3.1549e-06
837.2	3.1401e-06
837.4	3.1254e-06
837.6	3.1108e-06
837.8	3.0962e-06
838.0	3.0818e-06
838.2	3.0292e-06
838.4	2.9373e-06
838.6	2.8483e-06
838.8	2.7619e-06
839.0	2.6782e-06
839.2	2.597e-06
839.4	2.5183e-06
839.6	2.4419e-06
839.8	2.3679e-06
840.0	2.2961e-06
840.2	2.2226e-06
840.4	2.1489e-06
840.6	2.0777e-06
840.8	2.0089e-06
841.0	1.9423e-06
841.2	1.8779e-06
841.4	1.8157e-06
841.6	1.7555e-06
841.8	1.6974e-06
842.0	1.6411e-06
842.2	1.5987e-06
842.4	1.5615e-06
842.6	1.5251e-06
842.8	1.4896e-06
843.0	1.4549e-06
843.2	1.421e-06
843.4	1.3879e-06
843.6	1.3555e-06
843.8	1.3239e-06
844.0	1.2931e-06
844.2	1.2533e-06
844.4	1.2134e-06
844.6	1.1748e-06
844.8	1.1374e-06
845.0	1.1012e-06
845.2	1.0662e-06
845.4	1.0323e-06
845.6	9.9946e-07
845.8	9.6767e-07
846.0	9.3689e-07
846.2	9.17e-07
846.4	9.1709e-07
846.6	9.1719e-07
846.8	9.1728e-07
847.0	9.1738e-07
847.2	9.1747e-07
847.4	9.1757e-07
847.6	9.1766e-07
847.8	9.1776e-07
848.0	9.1785e-07
848.2	9.1672e-07
848.4	9.142e-07
848.6	9.1169e-07
848.8	9.0918e-07
849.0	9.0668e-07
849.2	9.0419e-07
849.4	9.0171e-07
849.6	8.9923e-07
849.8	8.9676e-07
850.0	8.943e-07
850.2	8.961e-07
850.4	9.007e-07
850.6	9.0533e-07
850.8	9.0998e-07
851.0	9.1465e-07
851.2	9.1935e-07
851.4	9.2407e-07
851.6	9.2882e-07
851.8	9.3359e-07
852.0	9.3838e-07
852.2	9.4618e-07
852.4	9.5508e-07
852.6	9.6406e-07
852.8	9.7312e-07
853.0	9.8227e-07
853.2	9.9151e-07
853.4	1.0008e-06
853.6	1.0102e-06
853.8	1.0197e-06
854.0	1.0293e-06
854.2	1.0326e-06
854.4	1.035e-06
854.6	1.0375e-06
854.8	1.04e-06
855.0	1.0424e-06
855.2	1.0449e-06
855.4	1.0474e-06
855.6	1.0499e-06
855.8	1.0524e-06
856.0	1.0549e-06
856.2	1.0684e-06
856.4	1.104e-06
856.6	1.1409e-06
856.8	1.1789e-06
857.0	1.2183e-06
857.2	1.2589e-06
857.4	1.3009e-06
857.6	1.3443e-06
857.8	1.3892e-06
858.0	1.4355e-06
858.2	1.4777e-06
858.4	1.5148e-06
858.6	1.5528e-06
858.8	1.5917e-06
859.0	1.6316e-06
859.2	1.6725e-06
859.4	1.7145e-06
859.6	1.7575e-06
859.8	1.8016e-06
860.0	1.8468e-06
860.2	1.8978e-06
860.4	1.9531e-06
860.6	2.0101e-06
860.8	2.0687e-06
861.0	2.129e-06
861.2	2.1911e-06
861.4	2.255e-06
861.6	2.3208e-06
861.8	2.3885e-06
862.0	2.4581e-06
862.2	2.5399e-06
862.4	2.6275e-06
862.6	2.7181e-06
862.8	2.8118e-06
863.0	2.9088e-06
863.2	3.0091e-06
863.4	3.1128e-06
863.6	3.2202e-06
863.8	3.3312e-06
864.0	3.4461e-06
864.2	3.5414e-06
864.4	3.6372e-06
864.6	3.7356e-06
864.8	3.8367e-06
865.0	3.9405e-06
865.2	4.0472e-06
865.4	4.1567e-06
865.6	4.2692e-06
865.8	4.3847e-06
866.0	4.5033e-06
866.2	4.6454e-06
866.4	4.8335e-06
866.6	5.0292e-06
866.8	5.2328e-06
867.0	5.4447e-06
867.2	5.6652e-06
867.4	5.8946e-06
867.6	6.1333e-06
867.8	6.3817e-06
868.0	6.6401e-06
868.2	6.8371e-06
868.4	6.9623e-06
868.6	7.0899e-06
868.8	7.2197e-06
869.0	7.3519e-06
869.2	7.4866e-06
869.4	7.6237e-06
869.6	7.7633e-06
869.8	7.9055e-06
870.0	8.0503e-06
870.2	8.0958e-06
870.4	8.0831e-06
870.6	8.0705e-06
870.8	8.058e-06
871.0	8.0454e-06
871.2	8.0328e-06
871.4	8.0203e-06
871.6	8.0078e-06
871.8	7.9953e-06
872.0	7.9829e-06
872.2	7.834e-06
872.4	7.6516e-06
872.6	7.4735e-06
872.8	7.2995e-06
873.0	7.1295e-06
873.2	6.9636e-06
873.4	6.8014e-06
873.6	6.6431e-06
873.8	6.4884e-06
874.0	6.3374e-06
874.2	6.0602e-06
874.4	5.7872e-06
874.6	5.5266e-06
874.8	5.2777e-06
875.0	5.04e-06
875.2	4.813e-06
875.4	4.5962e-06
875.6	4.3892e-06
875.8	4.1916e-06
876.0	4.0028e-06
876.2	3.846e-06
876.4	3.7473e-06
876.6	3.6512e-06
876.8	3.5575e-06
877.0	3.4662e-06
877.2	3.3773e-06
877.4	3.2906e-06
877.6	3.2062e-06
877.8	3.1239e-06
878.0	3.0438e-06
878.2	2.9559e-06
878.4	2.8594e-06
878.6	2.766e-06
878.8	2.6757e-06
879.0	2.5883e-06
879.2	2.5038e-06
879.4	2.422e-06
879.6	2.343e-06
879.8	2.2665e-06
880.0	2.1925e-06
880.2	2.1229e-06
880.4	2.0567e-06
880.6	1.9926e-06
880.8	1.9305e-06
881.0	1.8704e-06
881.2	1.8121e-06
881.4	1.7556e-06
881.6	1.7009e-06
881.8	1.6479e-06
882.0	1.5966e-06
882.2	1.5562e-06
882.4	1.5194e-06
882.6	1.4836e-06
882.8	1.4486e-06
883.0	1.4144e-06
883.2	1.381e-06
883.4	1.3484e-06
883.6	1.3165e-06
883.8	1.2855e-06
884.0	1.2551e-06
884.2	1.2211e-06
884.4	1.1878e-06
884.6	1.1554e-06
884.8	1.1238e-06
885.0	1.0932e-06
885.2	1.0633e-06
885.4	1.0343e-06
885.6	1.0061e-06
885.8	9.7861e-07
886.0	9.519e-07
886.2	9.3248e-07
886.4	9.3063e-07
886.6	9.2879e-07
886.8	9.2695e-07
887.0	9.2512e-07
887.2	9.2329e-07
887.4	9.2146e-07
887.6	9.1964e-07
887.8	9.1782e-07
888.0	9.1601e-07
888.2	9.1077e-07
888.4	9.0117e-07
888.6	8.9168e-07
888.8	8.8228e-07
889.0	8.7298e-07
889.2	8.6378e-07
889.4	8.5468e-07
889.6	8.4567e-07
889.8	8.3676e-07
890.0	8.2794e-07
890.2	8.245e-07
890.4	8.2462e-07
890.6	8.2473e-07
890.8	8.2484e-07
891.0	8.2495e-07
891.2	8.2507e-07
891.4	8.2518e-07
891.6	8.2529e-07
891.8	8.2541e-07
892.0	8.2552e-07
892.2	8.303e-07
892.4	8.3655e-07
892.6	8.4285e-07
892.8	8.4919e-07
893.0	8.5559e-07
893.2	8.6203e-07
893.4	8.6852e-07
893.6	8.7506e-07
893.8	8.8165e-07
894.0	8.8828e-07
894.2	8.9038e-07
894.4	8.9216e-07
894.6	8.9395e-07
894.8	8.9574e-07
895.0	8.9753e-07
895.2	8.9933e-07
895.4	9.0113e-07
895.6	9.0293e-07
895.8	9.0474e-07
896.0	9.0655e-07
896.2	9.1325e-07
896.4	9.3379e-07
896.6	9.5478e-07
896.8	9.7625e-07
897.0	9.982e-07
897.2	1.0206e-06
897.4	1.0436e-06
897.6	1.0671e-06
897.8	1.0911e-06
898.0	1.1156e-06
898.2	1.1408e-06
898.4	1.1668e-06
898.6	1.1933e-06
898.8	1.2205e-06
899.0	1.2482e-06
899.2	1.2767e-06
899.4	1.3057e-06
899.6	1.3354e-06
899.8	1.3658e-06
900.0	1.3969e-06
900.2	1.4347e-06
900.4	1.4777e-06
900.6	1.5219e-06
900.8	1.5675e-06
901.0	1.6144e-06
901.2	1.6627e-06
901.4	1.7125e-06
901.6	1.7638e-06
901.8	1.8166e-06
902.0	1.871e-06
902.2	1.9325e-06
902.4	1.9976e-06
902.6	2.0649e-06
902.8	2.1344e-06
903.0	2.2063e-06
903.2	2.2806e-06
903.4	2.3575e-06
903.6	2.4369e-06
903.8	2.519e-06
904.0	2.6038e-06
904.2	2.6969e-06
904.4	2.7936e-06
904.6	2.8938e-06
904.8	2.9976e-06
905.0	3.105e-06
905.2	3.2164e-06
905.4	3.3317e-06
905.6	3.4512e-06
905.8	3.5749e-06
906.0	3.7031e-06
906.2	3.8309e-06
906.4	3.9491e-06
906.6	4.0709e-06
906.8	4.1964e-06
907.0	4.3259e-06
907.2	4.4593e-06
907.4	4.5968e-06
907.6	4.7386e-06
907.8	4.8847e-06
908.0	5.0354e-06
908.2	5.1444e-06
908.4	5.1962e-06
908.6	5.2485e-06
908.8	5.3013e-06
909.0	5.3547e-06
909.2	5.4086e-06
909.4	5.4631e-06
909.6	5.5181e-06
909.8	5.5736e-06
910.0	5.6297e-06
910.2	5.6147e-06
910.4	5.5554e-06
910.6	5.4967e-06
910.8	5.4386e-06
911.0	5.3812e-06
911.2	5.3243e-06
911.4	5.2681e-06
911.6	5.2124e-06
911.8	5.1574e-06
912.0	5.1029e-06
912.2	5.0003e-06
912.4	4.8875e-06
912.6	4.7773e-06
912.8	4.6695e-06
913.0	4.5642e-06
913.2	4.4613e-06
913.4	4.3607e-06
913.6	4.2623e-06
913.8	4.1662e-06
914.0	4.0722e-06
914.2	3.9693e-06
914.4	3.8687e-06
914.6	3.7706e-06
914.8	3.6751e-06
915.0	3.582e-06
915.2	3.4912e-06
915.4	3.4027e-06
915.6	3.3165e-06
915.8	3.2324e-06
916.0	3.1505e-06
916.2	3.0771e-06
916.4	3.0258e-06
916.6	2.9754e-06
916.8	2.9259e-06
917.0	2.8772e-06
917.2	2.8292e-06
917.4	2.7821e-06
917.6	2.7358e-06
917.8	2.6902e-06
918.0	2.6454e-06
918.2	2.6046e-06
918.4	2.5691e-06
918.6	2.534e-06
918.8	2.4994e-06
919.0	2.4653e-06
919.2	2.4317e-06
919.4	2.3985e-06
919.6	2.3657e-06
919.8	2.3334e-06
920.0	2.3016e-06
920.2	2.2808e-06
920.4	2.2672e-06
920.6	2.2537e-06
920.8	2.2402e-06
921.0	2.2269e-06
921.2	2.2136e-06
921.4	2.2004e-06
921.6	2.1873e-06
921.8	2.1743e-06
922.0	2.1613e-06
922.2	2.1559e-06
922.4	2.1524e-06
922.6	2.149e-06
922.8	2.1456e-06
923.0	2.1422e-06
923.2	2.1388e-06
923.4	2.1354e-06
923.6	2.132e-06
923.8	2.1286e-06
924.0	2.1252e-06
924.2	2.135e-06
924.4	2.1451e-06
924.6	2.1553e-06
924.8	2.1655e-06
925.0	2.1758e-06
925.2	2.1861e-06
925.4	2.1965e-06
925.6	2.2069e-06
925.8	2.2174e-06
926.0	2.2279e-06
926.2	2.241e-06
926.4	2.2629e-06
926.6	2.285e-06
926.8	2.3074e-06
927.0	2.33e-06
927.2	2.3528e-06
927.4	2.3758e-06
927.6	2.399e-06
927.8	2.4225e-06
928.0	2.4462e-06
928.2	2.4742e-06
928.4	2.5085e-06
928.6	2.5432e-06
928.8	2.5784e-06
929.0	2.6141e-06
929.2	2.6503e-06
929.4	2.687e-06
929.6	2.7242e-06
929.8	2.7619e-06
930.0	2.8001e-06
930.2	2.8487e-06
930.4	2.9046e-06
930.6	2.9617e-06
930.8	3.0198e-06
931.0	3.0791e-06
931.2	3.1396e-06
931.4	3.2012e-06
931.6	3.2641e-06
931.8	3.3282e-06
932.0	3.3935e-06
932.2	3.4756e-06
932.4	3.5637e-06
932.6	3.654e-06
932.8	3.7466e-06
933.0	3.8416e-06
933.2	3.939e-06
933.4	4.0388e-06
933.6	4.1411e-06
933.8	4.2461e-06
934.0	4.3537e-06
934.2	4.4911e-06
934.4	4.6329e-06
934.6	4.7791e-06
934.8	4.93e-06
935.0	5.0856e-06
935.2	5.2461e-06
935.4	5.4117e-06
935.6	5.5825e-06
935.8	5.7587e-06
936.0	5.9405e-06
936.2	6.1342e-06
936.4	6.3593e-06
936.6	6.5927e-06
936.8	6.8347e-06
937.0	7.0855e-06
937.2	7.3456e-06
937.4	7.6152e-06
937.6	7.8947e-06
937.8	8.1844e-06
938.0	8.4848e-06
938.2	8.81e-06
938.4	9.1689e-06
938.6	9.5424e-06
938.8	9.9311e-06
939.0	1.0336e-05
939.2	1.0757e-05
939.4	1.1195e-05
939.6	1.1651e-05
939.8	1.2125e-05
940.0	1.2619e-05
940.2	1.3192e-05
940.4	1.3833e-05
940.6	1.4504e-05
940.8	1.5208e-05
941.0	1.5947e-05
941.2	1.6721e-05
941.4	1.7532e-05
941.6	1.8383e-05
941.8	1.9276e-05
942.0	2.0212e-05
942.2	2.1347e-05
942.4	2.2586e-05
942.6	2.3898e-05
942.8	2.5285e-05
943.0	2.6753e-05
943.2	2.8306e-05
943.4	2.9949e-05
943.6	3.1687e-05
943.8	3.3527e-05
944.0	3.5475e-05
944.2	3.7727e-05
944.4	4.0122e-05
944.6	4.2669e-05
944.8	4.5378e-05
945.0	4.8259e-05
945.2	5.1323e-05
945.4	5.4582e-05
945.6	5.8047e-05
945.8	6.1016e-05
946.0	6.5881e-05
946.2	7.1258e-05
946.4	7.5776e-05
946.6	8.1796e-05
946.8	8.6953e-05
947.0	9.3463e-05
947.2	1.019e-04
947.4	1.0796e-04
947.6	1.193e-04
947.8	1.2889e-04
948.0	1.3932e-04
948.2	1.4922e-04
948.4	1.6607e-04
948.6	1.7887e-04
948.8	1.9548e-04
949.0	2.1169e-04
949.2	2.303e-04
949.4	2.5177e-04
949.6	2.7672e-04
949.8	3.0393e-04
950.0	3.299e-04
950.2	3.6545e-04
950.4	4.0502e-04
950.6	4.4566e-04
950.8	4.8771e-04
951.0	5.3809e-04
951.2	5.9224e-04
951.4	6.4897e-04
951.6	7.1542e-04
951.8	7.9023e-04
952.0	8.6849e-04
952.2	9.4785e-04
952.4	0.00105
952.6	0.00113
952.8	0.00123
953.0	0.00132
953.2	0.00141
953.4	0.00151
953.6	0.0016
953.8	0.00169
954.0	0.00177
954.2	0.00183
954.4	0.00188
954.6	0.00193
954.8	0.00196
955.0	0.00198
955.2	0.00198
955.4	0.00199
955.6	0.00199
955.8	0.00198
956.0	0.00196
956.2	0.00194
956.4	0.00191
956.6	0.00188
956.8	0.00186
957.0	0.00184
957.2	0.0018
957.4	0.00177
957.6	0.00176
957.8	0.00173
958.0	0.00171
958.2	0.00169
958.4	0.00167
958.6	0.00166
958.8	0.00165
959.0	0.00164
959.2	0.00163
959.4	0.00163
959.6	0.00162
959.8	0.00162
960.0	0.00163
960.2	0.00164
960.4	0.00164
960.6	0.00165
960.8	0.00167
961.0	0.00167
961.2	0.0017
961.4	0.00172
961.6	0.00174
961.8	0.00176
962.0	0.0018
962.2	0.00183
962.4	0.00187
962.6	0.00191
962.8	0.00194
963.0	0.002
963.2	0.00206
963.4	0.00211
963.6	0.00216
963.8	0.00223
964.0	0.0023
964.2	0.00237
964.4	0.00246
964.6	0.00256
964.8	0.00265
965.0	0.00274
965.2	0.0028
965.4	0.00286
965.6	0.00293
965.8	0.00304
966.0	0.00317
966.2	0.00331
966.4	0.00348
966.6	0.00366
966.8	0.00386
967.0	0.00408
967.2	0.0043
967.4	0.00455
967.6	0.00482
967.8	0.0051
968.0	0.00543
968.2	0.00579
968.4	0.00619
968.6	0.00664
968.8	0.00714
969.0	0.00768
969.2	0.00828
969.4	0.00893
969.6	0.00973
969.8	0.01059
970.0	0.01153
970.2	0.01262
970.4	0.01384
970.6	0.01525
970.8	0.01689
971.0	0.01882
971.2	0.02101
971.4	0.02355
971.6	0.02656
971.8	0.03019
972.0	0.03443
972.2	0.03979
972.4	0.04618
972.6	0.05386
972.8	0.06323
973.0	0.0754
973.2	0.09065
973.4	0.10995
973.6	0.13453
973.8	0.16506
974.0	0.2019
974.2	0.24392
974.4	0.28773
974.6	0.32472
974.8	0.3419
975.0	0.33602
975.2	0.29426
975.4	0.25769
975.6	0.22567
975.8	0.19416
976.0	0.16189
976.2	0.13541
976.4	0.1145
976.6	0.09792
976.8	0.08427
977.0	0.07294
977.2	0.06392
977.4	0.05642
977.6	0.05025
977.8	0.04504
978.0	0.04073
978.2	0.03681
978.4	0.03347
978.6	0.03073
978.8	0.0283
979.0	0.02617
979.2	0.02423
979.4	0.02255
979.6	0.02109
979.8	0.01973
980.0	0.01857
980.2	0.01756
980.4	0.01656
980.6	0.01563
980.8	0.01483
981.0	0.01414
981.2	0.01346
981.4	0.01284
981.6	0.01226
981.8	0.01177
982.0	0.01128
982.2	0.01085
982.4	0.01043
982.6	0.01008
982.8	0.0097
983.0	0.00937
983.2	0.00913
983.4	0.00883
983.6	0.00854
983.8	0.00828
984.0	0.0081
984.2	0.00789
984.4	0.00768
984.6	0.00746
984.8	0.0073
985.0	0.00715
985.2	0.00716
985.4	0.00716
985.6	0.00717
985.8	0.00708
986.0	0.00695
986.2	0.00685
986.4	0.00674
986.6	0.00661
986.8	0.00653
987.0	0.00644
987.2	0.00635
987.4	0.00628
987.6	0.00621
987.8	0.00615
988.0	0.00607
988.2	0.00603
988.4	0.00598
988.6	0.00594
988.8	0.00589
989.0	0.00586
989.2	0.00587
989.4	0.00582
989.6	0.00579
989.8	0.00577
990.0	0.0058
990.2	0.00577
990.4	0.00575
990.6	0.00573
990.8	0.00578
991.0	0.0058
991.2	0.00581
991.4	0.00578
991.6	0.00582
991.8	0.00587
992.0	0.00591
992.2	0.00596
992.4	0.00601
992.6	0.00603
992.8	0.0061
993.0	0.00615
993.2	0.00621
993.4	0.00628
993.6	0.00637
993.8	0.00646
994.0	0.00657
994.2	0.00668
994.4	0.00676
994.6	0.00687
994.8	0.00702
995.0	0.00715
995.2	0.00718
995.4	0.00721
995.6	0.00723
995.8	0.00735
996.0	0.00753
996.2	0.00766
996.4	0.00789
996.6	0.00812
996.8	0.00833
997.0	0.00855
997.2	0.00881
997.4	0.00907
997.6	0.00936
997.8	0.0097
998.0	0.00999
998.2	0.01038
998.4	0.0108
998.6	0.01118
998.8	0.01163
999.0	0.01211
999.2	0.01262
999.4	0.01327
999.6	0.01388
999.8	0.01443
1000.0	0.0152
1000.2	0.01594
1000.4	0.0168
1000.6	0.01767
1000.8	0.01869
1001.0	0.01973
1001.2	0.02093
1001.4	0.02232
1001.6	0.02368
1001.8	0.02517
1002.0	0.02691
1002.2	0.02885
1002.4	0.03103
1002.6	0.03331
1002.8	0.03585
1003.0	0.03887
1003.2	0.04224
1003.4	0.04576
1003.6	0.0498
1003.8	0.05459
1004.0	0.06006
1004.2	0.066
1004.4	0.0726
1004.6	0.08003
1004.8	0.08908
1005.0	0.09964
1005.2	0.11179
1005.4	0.1251
1005.6	0.14018
1005.8	0.15651
1006.0	0.17433
1006.2	0.19418
1006.4	0.21556
1006.6	0.23694
1006.8	0.25717
1007.0	0.27571
1007.2	0.29099
1007.4	0.302
1007.6	0.30588
1007.8	0.30434
1008.0	0.297
1008.2	0.2852
1008.4	0.26959
1008.6	0.25255
1008.8	0.2347
1009.0	0.21627
1009.2	0.1992
1009.4	0.18306
1009.6	0.16838
1009.8	0.15476
1010.0	0.14238
1010.2	0.13158
1010.4	0.12201
1010.6	0.11323
1010.8	0.10541
1011.0	0.09872
1011.2	0.09246
1011.4	0.0869
1011.6	0.08203
1011.8	0.07761
1012.0	0.07356
1012.2	0.06997
1012.4	0.06689
1012.6	0.06387
1012.8	0.06135
1013.0	0.05883
1013.2	0.05667
1013.4	0.0548
1013.6	0.05314
1013.8	0.0514
1014.0	0.05002
1014.2	0.04874
1014.4	0.04753
1014.6	0.04647
1014.8	0.04558
1015.0	0.04457
1015.2	0.0438
1015.4	0.0431
1015.6	0.04258
1015.8	0.0421
1016.0	0.04155
1016.2	0.04116
1016.4	0.04091
1016.6	0.04056
1016.8	0.04039
1017.0	0.04039
1017.2	0.04029
1017.4	0.04013
1017.6	0.04026
1017.8	0.04045
1018.0	0.04056
1018.2	0.04073
1018.4	0.04094
1018.6	0.04129
1018.8	0.04174
1019.0	0.04225
1019.2	0.04271
1019.4	0.04336
1019.6	0.04386
1019.8	0.0447
1020.0	0.04552
1020.2	0.0464
1020.4	0.04738
1020.6	0.04841
1020.8	0.0495
1021.0	0.05076
1021.2	0.05217
1021.4	0.05367
1021.6	0.05505
1021.8	0.05687
1022.0	0.05873
1022.2	0.06081
1022.4	0.06307
1022.6	0.06532
1022.8	0.06808
1023.0	0.0707
1023.2	0.07384
1023.4	0.07711
1023.6	0.0808
1023.8	0.08479
1024.0	0.08924
1024.2	0.09385
1024.4	0.09895
1024.6	0.10484
1024.8	0.11123
1025.0	0.11637
1025.2	0.12191
1025.4	0.12986
1025.6	0.13958
1025.8	0.14951
1026.0	0.16011
1026.2	0.17253
1026.4	0.18647
1026.6	0.20153
1026.8	0.21933
1027.0	0.23882
1027.2	0.26022
1027.4	0.28388
1027.6	0.31138
1027.8	0.34285
1028.0	0.37686
1028.2	0.4145
1028.4	0.45674
1028.6	0.50121
1028.8	0.54954
1029.0	0.60182
1029.2	0.65363
1029.4	0.70595
1029.6	0.75622
1029.8	0.79849
1030.0	0.83187
1030.2	0.85417
1030.4	0.86362
1030.6	0.85876
1030.8	0.84154
1031.0	0.81361
1031.2	0.77673
1031.4	0.73518
1031.6	0.68899
1031.8	0.64192
1032.0	0.59762
1032.2	0.55478
1032.4	0.51437
1032.6	0.47627
1032.8	0.44181
1033.0	0.4102
1033.2	0.3812
1033.4	0.35578
1033.6	0.33339
1033.8	0.31181
1034.0	0.29288
1034.2	0.27589
1034.4	0.25998
1034.6	0.24629
1034.8	0.23392
1035.0	0.22209
1035.2	0.21245
1035.4	0.20283
1035.6	0.19427
1035.8	0.18648
1036.0	0.17973
1036.2	0.17322
1036.4	0.16759
1036.6	0.16241
1036.8	0.1576
1037.0	0.15339
1037.2	0.14925
1037.4	0.14581
1037.6	0.14287
1037.8	0.14009
1038.0	0.13777
1038.2	0.13524
1038.4	0.13343
1038.6	0.13143
1038.8	0.13012
1039.0	0.12878
1039.2	0.12777
1039.4	0.12678
1039.6	0.1265
1039.8	0.12583
1040.0	0.12534
1040.2	0.12541
1040.4	0.12543
1040.6	0.12573
1040.8	0.12654
1041.0	0.12718
1041.2	0.12789
1041.4	0.12908
1041.6	0.13024
1041.8	0.13155
1042.0	0.13327
1042.2	0.13534
1042.4	0.13771
1042.6	0.13994
1042.8	0.1426
1043.0	0.14527
1043.2	0.14864
1043.4	0.15162
1043.6	0.15533
1043.8	0.15984
1044.0	0.16456
1044.2	0.16945
1044.4	0.17514
1044.6	0.18059
1044.8	0.18665
1045.0	0.19337
1045.2	0.20024
1045.4	0.20842
1045.6	0.21649
1045.8	0.22658
1046.0	0.23817
1046.2	0.24827
1046.4	0.26115
1046.6	0.27421
1046.8	0.28778
1047.0	0.30385
1047.2	0.32103
1047.4	0.33938
1047.6	0.36122
1047.8	0.38217
1048.0	0.40633
1048.2	0.4322
1048.4	0.45874
1048.6	0.48791
1048.8	0.52022
1049.0	0.55215
1049.2	0.58835
1049.4	0.62503
1049.6	0.66201
1049.8	0.69855
1050.0	0.73555
1050.2	0.77099
1050.4	0.80152
1050.6	0.83021
1050.8	0.85204
1051.0	0.86898
1051.2	0.87802
1051.4	0.87873
1051.6	0.87164
1051.8	0.85721
1052.0	0.83687
1052.2	0.81084
1052.4	0.77987
1052.6	0.74463
1052.8	0.70797
1053.0	0.67065
1053.2	0.63304
1053.4	0.59661
1053.6	0.56154
1053.8	0.5277
1054.0	0.49603
1054.2	0.46523
1054.4	0.43662
1054.6	0.41089
1054.8	0.38645
1055.0	0.36325
1055.2	0.34242
1055.4	0.32311
1055.6	0.30549
1055.8	0.28918
1056.0	0.27428
1056.2	0.26032
1056.4	0.247
1056.6	0.23504
1056.8	0.22363
1057.0	0.21419
1057.2	0.20508
1057.4	0.19632
1057.6	0.18846
1057.8	0.18093
1058.0	0.17431
1058.2	0.16777
1058.4	0.16129
1058.6	0.15576
1058.8	0.15046
1059.0	0.14593
1059.2	0.14141
1059.4	0.13684
1059.6	0.13322
1059.8	0.12975
1060.0	0.12631
1060.2	0.12319
1060.4	0.12004
1060.6	0.11724
1060.8	0.1147
1061.0	0.1119
1061.2	0.10956
1061.4	0.10741
1061.6	0.10547
1061.8	0.10365
1062.0	0.10186
1062.2	0.10011
1062.4	0.09859
1062.6	0.09719
1062.8	0.09581
1063.0	0.0944
1063.2	0.09282
1063.4	0.09198
1063.6	0.09074
1063.8	0.08974
1064.0	0.08894
1064.2	0.088
1064.4	0.08719
1064.6	0.08638
1064.8	0.08572
1065.0	0.08689
1065.2	0.08681
1065.4	0.08619
1065.6	0.08549
1065.8	0.08498
1066.0	0.08431
1066.2	0.08447
1066.4	0.08411
1066.6	0.08376
1066.8	0.08363
1067.0	0.0831
1067.2	0.08311
1067.4	0.08268
1067.6	0.0825
1067.8	0.08247
1068.0	0.08194
1068.2	0.08166
1068.4	0.08146
1068.6	0.08151
1068.8	0.08137
1069.0	0.08141
1069.2	0.08178
1069.4	0.08124
1069.6	0.08188
1069.8	0.08144
1070.0	0.08138
1070.2	0.08141
1070.4	0.08145
1070.6	0.08166
1070.8	0.08092
1071.0	0.08104
1071.2	0.08129
1071.4	0.0806
1071.6	0.08087
1071.8	0.08136
1072.0	0.08071
1072.2	0.08096
1072.4	0.08088
1072.6	0.08143
1072.8	0.08102
1073.0	0.08083
1073.2	0.08098
1073.4	0.08061
1073.6	0.08072
1073.8	0.08057
1074.0	0.08017
1074.2	0.08076
1074.4	0.08046
1074.6	0.08021
1074.8	0.08011
1075.0	0.08016
1075.2	0.08055
1075.4	0.08006
1075.6	0.08013
1075.8	0.08012
1076.0	0.08034
1076.2	0.07998
1076.4	0.08037
1076.6	0.08022
1076.8	0.08029
1077.0	0.08015
1077.2	0.08023
1077.4	0.08068
1077.6	0.08033
1077.8	0.08046
1078.0	0.08087
1078.2	0.08094
1078.4	0.08123
1078.6	0.08142
1078.8	0.08139
1079.0	0.08223
1079.2	0.08193
1079.4	0.08283
1079.6	0.0826
1079.8	0.08316
1080.0	0.08367
1080.2	0.08436
1080.4	0.08455
1080.6	0.08515
1080.8	0.08518
1081.0	0.08607
1081.2	0.08739
1081.4	0.08756
1081.6	0.08857
1081.8	0.08923
1082.0	0.08991
1082.2	0.09131
1082.4	0.09233
1082.6	0.09319
1082.8	0.09462
1083.0	0.09576
1083.2	0.09745
1083.4	0.09888
1083.6	0.10026
1083.8	0.10176
1084.0	0.10371
1084.2	0.10604
1084.4	0.10797
1084.6	0.11031
1084.8	0.1128
1085.0	0.11523
1085.2	0.11683
1085.4	0.11943
1085.6	0.12292
1085.8	0.12601
1086.0	0.13028
1086.2	0.13335
1086.4	0.13757
1086.6	0.1418
1086.8	0.14512
1087.0	0.15038
1087.2	0.15523
1087.4	0.1606
1087.6	0.16744
1087.8	0.17339
1088.0	0.18068
1088.2	0.18698
1088.4	0.19459
1088.6	0.20387
1088.8	0.21275
1089.0	0.22233
1089.2	0.23273
1089.4	0.2436
1089.6	0.25471
1089.8	0.26791
1090.0	0.27466
1090.2	0.28141
1090.4	0.29591
1090.6	0.31168
1090.8	0.32657
1091.0	0.34286
1091.2	0.36113
1091.4	0.37734
1091.6	0.3965
1091.8	0.41102
1092.0	0.42993
1092.2	0.44447
1092.4	0.46003
1092.6	0.47375
1092.8	0.48363
1093.0	0.49295
1093.2	0.49724
1093.4	0.49907
1093.6	0.49743
1093.8	0.4914
1094.0	0.48148
1094.2	0.47075
1094.4	0.45615
1094.6	0.43935
1094.8	0.42061
1095.0	0.40167
1095.2	0.38055
1095.4	0.35951
1095.6	0.34104
1095.8	0.31972
1096.0	0.30084
1096.2	0.2826
1096.4	0.26558
1096.6	0.24852
1096.8	0.23253
1097.0	0.21848
1097.2	0.20561
1097.4	0.1933
1097.6	0.18066
1097.8	0.17084
1098.0	0.15951
1098.2	0.15168
1098.4	0.14243
1098.6	0.13489
1098.8	0.12716
1099.0	0.12103
1099.2	0.11456
1099.4	0.10832
1099.6	0.10303
1099.8	0.09811
1100.0	0.09365
1100.2	0.08884
1100.4	0.08553
1100.6	0.08149
1100.8	0.0783
1101.0	0.07498
1101.2	0.07175
1101.4	0.06905
1101.6	0.06599
1101.8	0.06426
1102.0	0.06144
1102.2	0.05945
1102.4	0.05732
1102.6	0.05595
1102.8	0.05389
1103.0	0.05243
1103.2	0.05077
1103.4	0.04893
1103.6	0.048
1103.8	0.04634
1104.0	0.04543
1104.2	0.04434
1104.4	0.04275
1104.6	0.04214
1104.8	0.04111
1105.0	0.03995
1105.2	0.03937
1105.4	0.03834
1105.6	0.03769
1105.8	0.03746
1106.0	0.03672
1106.2	0.03599
1106.4	0.03531
1106.6	0.03449
1106.8	0.0342
1107.0	0.03371
1107.2	0.03347
1107.4	0.03284
1107.6	0.03265
1107.8	0.03218
1108.0	0.03187
1108.2	0.0314
1108.4	0.03122
1108.6	0.03127
1108.8	0.03071
1109.0	0.03064
1109.2	0.03021
1109.4	0.03044
1109.6	0.03063
1109.8	0.03029
1110.0	0.03015
1110.2	0.02999
1110.4	0.03038
1110.6	0.02984
1110.8	0.03013
1111.0	0.03058
1111.2	0.03025
1111.4	0.03041
1111.6	0.03048
1111.8	0.03089
1112.0	0.03081
1112.2	0.03156
1112.4	0.03121
1112.6	0.03219
1112.8	0.03235
1113.0	0.03261
1113.2	0.03259
1113.4	0.03347
1113.6	0.03379
1113.8	0.03434
1114.0	0.03529
1114.2	0.03565
1114.4	0.03643
1114.6	0.03722
1114.8	0.03861
1115.0	0.03857
1115.2	0.03984
1115.4	0.04058
1115.6	0.04126
1115.8	0.04261
1116.0	0.04394
1116.2	0.04514
1116.4	0.04679
1116.6	0.04805
1116.8	0.05025
1117.0	0.05175
1117.2	0.05338
1117.4	0.05506
1117.6	0.05785
1117.8	0.06011
1118.0	0.06247
1118.2	0.06527
1118.4	0.06862
1118.6	0.0719
1118.8	0.07547
1119.0	0.07966
1119.2	0.08381
1119.4	0.08792
1119.6	0.09316
1119.8	0.10034
1120.0	0.10562
1120.2	0.11235
1120.4	0.11953
1120.6	0.12651
1120.8	0.13525
1121.0	0.1393
1121.2	0.14975
1121.4	0.16099
1121.6	0.17307
1121.8	0.18606
1122.0	0.19998
1122.2	0.21296
1122.4	0.22679
1122.6	0.24152
1122.8	0.2572
1123.0	0.27379
1123.2	0.28013
1123.4	0.28662
1123.6	0.29325
1123.8	0.30004
1124.0	0.30642
1124.2	0.29465
1124.4	0.28333
1124.6	0.27244
1124.8	0.26197
1125.0	0.2518
1125.2	0.23218
1125.4	0.21409
1125.6	0.19741
1125.8	0.18202
1126.0	0.16781
1126.2	0.1539
1126.4	0.14115
1126.6	0.12945
1126.8	0.11872
1127.0	0.1089
1127.2	0.1005
1127.4	0.09275
1127.6	0.08559
1127.8	0.07899
1128.0	0.07293
1128.2	0.0679
1128.4	0.06323
1128.6	0.05887
1128.8	0.05481
1129.0	0.05105
1129.2	0.04794
1129.4	0.04503
1129.6	0.04229
1129.8	0.03972
1130.0	0.03732
1130.2	0.03536
1130.4	0.03351
1130.6	0.03176
1130.8	0.0301
1131.0	0.02853
1131.2	0.02724
1131.4	0.026
1131.6	0.02483
1131.8	0.0237
1132.0	0.02263
1132.2	0.02175
1132.4	0.0209
1132.6	0.02009
1132.8	0.0193
1133.0	0.01855
1133.2	0.01789
1133.4	0.01725
1133.6	0.01663
1133.8	0.01603
1134.0	0.01546
1134.2	0.01497
1134.4	0.0145
1134.6	0.01404
1134.8	0.0136
1135.0	0.01318
1135.2	0.01282
1135.4	0.01248
1135.6	0.01215
1135.8	0.01182
1136.0	0.01151
1136.2	0.01127
1136.4	0.01104
1136.6	0.01081
1136.8	0.01058
1137.0	0.01036
1137.2	0.01017
1137.4	0.00998
1137.6	0.00979
1137.8	0.00961
1138.0	0.00943
1138.2	0.00927
1138.4	0.00911
1138.6	0.00896
1138.8	0.00881
1139.0	0.00867
1139.2	0.00856
1139.4	0.00845
1139.6	0.00835
1139.8	0.00824
1140.0	0.00814
1140.2	0.00806
1140.4	0.00799
1140.6	0.00791
1140.8	0.00783
1141.0	0.00776
1141.2	0.00769
1141.4	0.00762
1141.6	0.00756
1141.8	0.00749
1142.0	0.00743
1142.2	0.00739
1142.4	0.00736
1142.6	0.00732
1142.8	0.00729
1143.0	0.00726
1143.2	0.00726
1143.4	0.00726
1143.6	0.00726
1143.8	0.00726
1144.0	0.00726
1144.2	0.00726
1144.4	0.00726
1144.6	0.00725
1144.8	0.00725
1145.0	0.00725
1145.2	0.00728
1145.4	0.0073
1145.6	0.00733
1145.8	0.00735
1146.0	0.00738
1146.2	0.00743
1146.4	0.00748
1146.6	0.00753
1146.8	0.00758
1147.0	0.00763
1147.2	0.00769
1147.4	0.00776
1147.6	0.00783
1147.8	0.0079
1148.0	0.00798
1148.2	0.0081
1148.4	0.00822
1148.6	0.00834
1148.8	0.00846
1149.0	0.00859
1149.2	0.00874
1149.4	0.00889
1149.6	0.00904
1149.8	0.0092
1150.0	0.00935
1150.2	0.00953
1150.4	0.0097
1150.6	0.00988
1150.8	0.01006
1151.0	0.01025
1151.2	0.01053
1151.4	0.01081
1151.6	0.0111
1151.8	0.0114
1152.0	0.01171
1152.2	0.01203
1152.4	0.01235
1152.6	0.01269
1152.8	0.01303
1153.0	0.01339
1153.2	0.01386
1153.4	0.01434
1153.6	0.01484
1153.8	0.01536
1154.0	0.01591
1154.2	0.01656
1154.4	0.01724
1154.6	0.01795
1154.8	0.01869
1155.0	0.01946
1155.2	0.02034
1155.4	0.02127
1155.6	0.02223
1155.8	0.02324
1156.0	0.0243
1156.2	0.02569
1156.4	0.02717
1156.6	0.02873
1156.8	0.03037
1157.0	0.03212
1157.2	0.03407
1157.4	0.03614
1157.6	0.03834
1157.8	0.04067
1158.0	0.04315
1158.2	0.04642
1158.4	0.04994
1158.6	0.05373
1158.8	0.0578
1159.0	0.06218
1159.2	0.06673
1159.4	0.07162
1159.6	0.07686
1159.8	0.08249
1160.0	0.08851
1160.2	0.09448
1160.4	0.10085
1160.6	0.10766
1160.8	0.11492
1161.0	0.12243
1161.2	0.12507
1161.4	0.12776
1161.6	0.13052
1161.8	0.13334
1162.0	0.13593
1162.2	0.13197
1162.4	0.12812
1162.6	0.12438
1162.8	0.12075
1163.0	0.11703
1163.2	0.10935
1163.4	0.10218
1163.6	0.09547
1163.8	0.08921
1164.0	0.08334
1164.2	0.07749
1164.4	0.07204
1164.6	0.06698
1164.8	0.06227
1165.0	0.0579
1165.2	0.05384
1165.4	0.05008
1165.6	0.04657
1165.8	0.04331
1166.0	0.0403
1166.2	0.03794
1166.4	0.03571
1166.6	0.03362
1166.8	0.03165
1167.0	0.0298
1167.2	0.02815
1167.4	0.0266
1167.6	0.02513
1167.8	0.02374
1168.0	0.02244
1168.2	0.02146
1168.4	0.02053
1168.6	0.01963
1168.8	0.01878
1169.0	0.01796
1169.2	0.01723
1169.4	0.01653
1169.6	0.01586
1169.8	0.01521
1170.0	0.0146
1170.2	0.01412
1170.4	0.01367
1170.6	0.01322
1170.8	0.0128
1171.0	0.01238
1171.2	0.01201
1171.4	0.01166
1171.6	0.01131
1171.8	0.01097
1172.0	0.01064
1172.2	0.01038
1172.4	0.01013
1172.6	0.00988
1172.8	0.00964
1173.0	0.00941
1173.2	0.00922
1173.4	0.00903
1173.6	0.00885
1173.8	0.00867
1174.0	0.00849
1174.2	0.00834
1174.4	0.00819
1174.6	0.00804
1174.8	0.00789
1175.0	0.00775
1175.2	0.00765
1175.4	0.00756
1175.6	0.00747
1175.8	0.00737
1176.0	0.00728
1176.2	0.0072
1176.4	0.00713
1176.6	0.00705
1176.8	0.00697
1177.0	0.0069
1177.2	0.00686
1177.4	0.00682
1177.6	0.00678
1177.8	0.00674
1178.0	0.0067
1178.2	0.00666
1178.4	0.00662
1178.6	0.00657
1178.8	0.00653
1179.0	0.00649
1179.2	0.00648
1179.4	0.00647
1179.6	0.00647
1179.8	0.00646
1180.0	0.00645
1180.2	0.00647
1180.4	0.0065
1180.6	0.00652
1180.8	0.00654
1181.0	0.00657
1181.2	0.00658
1181.4	0.0066
1181.6	0.00662
1181.8	0.00664
1182.0	0.00666
1182.2	0.0067
1182.4	0.00675
1182.6	0.0068
1182.8	0.00685
1183.0	0.0069
1183.2	0.00698
1183.4	0.00706
1183.6	0.00714
1183.8	0.00723
1184.0	0.00731
1184.2	0.00739
1184.4	0.00748
1184.6	0.00756
1184.8	0.00765
1185.0	0.00773
1185.2	0.00787
1185.4	0.00801
1185.6	0.00816
1185.8	0.0083
1186.0	0.00845
1186.2	0.00863
1186.4	0.00881
1186.6	0.00899
1186.8	0.00918
1187.0	0.00937
1187.2	0.00957
1187.4	0.00978
1187.6	0.00999
1187.8	0.0102
1188.0	0.01043
1188.2	0.01069
1188.4	0.01096
1188.6	0.01124
1188.8	0.01153
1189.0	0.01182
1189.2	0.01216
1189.4	0.01251
1189.6	0.01286
1189.8	0.01323
1190.0	0.01361
1190.2	0.014
1190.4	0.0144
1190.6	0.01481
1190.8	0.01524
1191.0	0.01567
1191.2	0.01607
1191.4	0.01649
1191.6	0.01691
1191.8	0.01734
1192.0	0.01779
1192.2	0.01822
1192.4	0.01866
1192.6	0.01911
1192.8	0.01957
1193.0	0.02004
1193.2	0.02033
1193.4	0.02062
1193.6	0.02091
1193.8	0.02121
1194.0	0.0215
1194.2	0.02145
1194.4	0.02141
1194.6	0.02136
1194.8	0.02131
1195.0	0.02126
1195.2	0.02093
1195.4	0.0206
1195.6	0.02027
1195.8	0.01995
1196.0	0.01963
1196.2	0.01913
1196.4	0.01865
1196.6	0.01817
1196.8	0.01771
1197.0	0.01726
1197.2	0.01663
1197.4	0.01602
1197.6	0.01543
1197.8	0.01486
1198.0	0.01431
1198.2	0.0137
1198.4	0.01312
1198.6	0.01256
1198.8	0.01202
1199.0	0.01151
1199.2	0.01102
1199.4	0.01056
1199.6	0.01011
1199.8	0.00968
1200.0	0.00927
