345.0	0.01635
345.2	0.01352
345.4	0.00964
345.6	0.00578
345.8	0.00315
346.0	0.00218
346.2	0.00204
346.4	0.00224
346.6	0.00298
346.8	0.00362
347.0	0.00426
347.2	0.00469
347.4	0.00468
347.6	0.00431
347.8	0.00332
348.0	0.00213
348.2	0.00127
348.4	6.3908e-04
348.6	4.6552e-04
348.8	3.7871e-04
349.0	3.869e-04
349.2	3.7855e-04
349.4	3.8925e-04
349.6	5.9346e-04
349.8	8.5273e-04
350.0	0.00109
350.2	0.00142
350.4	0.00152
350.6	0.00144
350.8	0.00125
351.0	9.7385e-04
351.2	5.5166e-04
351.4	3.2551e-04
351.6	1.4856e-04
351.8	1.9307e-04
352.0	1.3349e-04
352.2	1.6808e-04
352.4	1.0962e-04
352.6	1.1301e-04
352.8	2.0327e-04
353.0	3.2301e-04
353.2	5.4767e-04
353.4	6.9898e-04
353.6	9.069e-04
353.8	0.00108
354.0	0.00121
354.2	0.00121
354.4	0.00109
354.6	8.0677e-04
354.8	5.2915e-04
355.0	2.9903e-04
355.2	1.9987e-04
355.4	1.8097e-04
355.6	2.1565e-04
355.8	3.8807e-04
356.0	5.4285e-04
356.2	7.5534e-04
356.4	9.8422e-04
356.6	0.00124
356.8	0.00135
357.0	0.00135
357.2	0.00126
357.4	9.6845e-04
357.6	7.2171e-04
357.8	4.4073e-04
358.0	1.8919e-04
358.2	1.1384e-04
358.4	5.393e-05
358.6	1.0482e-04
358.8	1.269e-04
359.0	1.938e-04
359.2	2.7721e-04
359.4	3.8133e-04
359.6	5.8133e-04
359.8	5.8685e-04
360.0	6.8242e-04
360.2	6.229e-04
360.4	5.2575e-04
360.6	3.0895e-04
360.8	1.2606e-04
361.0	6.4533e-05
361.2	3.8636e-05
361.4	2.7059e-05
361.6	2.7157e-05
361.8	2.7098e-05
362.0	2.676e-05
362.2	3.6283e-05
362.4	5.1587e-05
362.6	1.9123e-04
362.8	2.7025e-04
363.0	4.4501e-04
363.2	4.9927e-04
363.4	5.7088e-04
363.6	6.0375e-04
363.8	5.2334e-04
364.0	3.7563e-04
364.2	2.8397e-04
364.4	2.2382e-04
364.6	9.1646e-05
364.8	5.5645e-05
365.0	2.023e-04
365.2	1.4442e-04
365.4	1.6381e-04
365.6	2.6213e-04
365.8	4.0523e-04
366.0	6.2281e-04
366.2	7.7474e-04
366.4	8.0978e-04
366.6	9.1295e-04
366.8	9.1073e-04
367.0	8.7383e-04
367.2	8.1127e-04
367.4	5.2371e-04
367.6	4.1927e-04
367.8	3.5157e-04
368.0	3.3526e-04
368.2	2.7868e-04
368.4	1.0675e-04
368.6	3.9459e-04
368.8	2.9228e-04
369.0	4.0754e-04
369.2	3.0278e-04
369.4	5.5028e-04
369.6	5.1884e-04
369.8	6.4095e-04
370.0	8.001e-04
370.2	6.0945e-04
370.4	5.1976e-04
370.6	5.9001e-04
370.8	3.8075e-04
371.0	3.0644e-04
371.2	1.1188e-04
371.4	7.5486e-05
371.6	7.5326e-05
371.8	1.2002e-04
372.0	9.5127e-05
372.2	7.601e-05
372.4	7.5943e-05
372.6	7.214e-05
372.8	7.1399e-05
373.0	1.5665e-04
373.2	1.7927e-04
373.4	3.6497e-04
373.6	3.2111e-04
373.8	4.256e-04
374.0	2.9369e-04
374.2	3.2067e-04
374.4	1.436e-04
374.6	6.8966e-05
374.8	8.1946e-05
375.0	6.5136e-05
375.2	6.3982e-05
375.4	8.1179e-05
375.6	6.3935e-05
375.8	1.0157e-04
376.0	1.9873e-04
376.2	2.8854e-04
376.4	4.5181e-04
376.6	6.8543e-04
376.8	8.8253e-04
377.0	0.00103
377.2	0.00103
377.4	0.00125
377.6	0.00118
377.8	0.00113
378.0	9.4392e-04
378.2	6.4603e-04
378.4	6.0534e-04
378.6	4.663e-04
378.8	4.7457e-04
379.0	6.4005e-04
379.2	8.4531e-04
379.4	0.00105
379.6	0.00114
379.8	0.00142
380.0	0.00145
380.2	0.00153
380.4	0.0014
380.6	0.00132
380.8	0.00112
381.0	7.4329e-04
381.2	5.3124e-04
381.4	1.9868e-04
381.6	1.6185e-04
381.8	4.6788e-05
382.0	7.0126e-05
382.2	5.2009e-05
382.4	4.4744e-05
382.6	4.5565e-05
382.8	8.0173e-05
383.0	1.4443e-04
383.2	2.8612e-04
383.4	3.7772e-04
383.6	5.6561e-04
383.8	5.4107e-04
384.0	5.7082e-04
384.2	5.0563e-04
384.4	3.5907e-04
384.6	2.6737e-04
384.8	1.7265e-04
385.0	5.9005e-05
385.2	4.8165e-05
385.4	6.4522e-05
385.6	4.8288e-05
385.8	7.143e-05
386.0	3.6154e-05
386.2	6.1179e-05
386.4	5.3212e-05
386.6	3.4777e-05
386.8	7.7371e-05
387.0	3.4274e-05
387.2	3.3325e-05
387.4	3.6322e-05
387.6	4.3473e-05
387.8	1.227e-04
388.0	1.4638e-04
388.2	2.0003e-04
388.4	3.2287e-04
388.6	6.0506e-04
388.8	0.00101
389.0	0.00139
389.2	0.00181
389.4	0.0021
389.6	0.00222
389.8	0.00206
390.0	0.00181
390.2	0.00145
390.4	0.00108
390.6	7.2919e-04
390.8	5.3238e-04
391.0	3.6761e-04
391.2	3.2826e-04
391.4	2.6232e-04
391.6	1.9144e-04
391.8	1.9143e-04
392.0	1.3712e-04
392.2	5.058e-05
392.4	1.3165e-04
392.6	5.4351e-05
392.8	5.0328e-05
393.0	4.8595e-05
393.2	7.229e-05
393.4	1.4163e-04
393.6	6.4945e-05
393.8	1.8447e-04
394.0	2.2634e-04
394.2	4.1172e-04
394.4	5.3834e-04
394.6	7.1377e-04
394.8	9.7538e-04
395.0	0.00108
395.2	0.00112
395.4	0.0011
395.6	9.9858e-04
395.8	8.3071e-04
396.0	5.3024e-04
396.2	3.6048e-04
396.4	2.1193e-04
396.6	1.8209e-04
396.8	7.9892e-05
397.0	4.5146e-05
397.2	4.9326e-05
397.4	5.6109e-05
397.6	1.3655e-04
397.8	6.1558e-05
398.0	7.4495e-05
398.2	4.5778e-05
398.4	8.9697e-05
398.6	5.6758e-05
398.8	7.5296e-05
399.0	1.2766e-04
399.2	1.1852e-04
399.4	2.6305e-04
399.6	3.1967e-04
399.8	4.9342e-04
400.0	6.4694e-04
400.2	9.9067e-04
400.4	0.00134
400.6	0.00168
400.8	0.00193
401.0	0.00215
401.2	0.0021
401.4	0.00195
401.6	0.00157
401.8	0.0012
402.0	8.3656e-04
402.2	5.4801e-04
402.4	4.0054e-04
402.6	2.4817e-04
402.8	1.7134e-04
403.0	1.4149e-04
403.2	1.6359e-04
403.4	1.083e-04
403.6	1.0589e-04
403.8	5.3045e-05
404.0	1.7046e-04
404.2	3.6264e-05
404.4	6.8523e-05
404.6	1.1143e-04
404.8	4.4096e-05
405.0	8.718e-05
405.2	1.1445e-04
405.4	1.3964e-04
405.6	2.3709e-04
405.8	2.1674e-04
406.0	3.7924e-04
406.2	5.5283e-04
406.4	6.9661e-04
406.6	8.2714e-04
406.8	9.6564e-04
407.0	9.3139e-04
407.2	9.2303e-04
407.4	8.095e-04
407.6	6.6354e-04
407.8	5.4002e-04
408.0	3.6772e-04
408.2	3.4705e-04
408.4	1.3525e-04
408.6	1.5048e-04
408.8	1.8246e-04
409.0	1.0288e-04
409.2	8.4628e-05
409.4	1.195e-04
409.6	1.2372e-04
409.8	1.0381e-04
410.0	9.9674e-05
410.2	1.0876e-04
410.4	1.4087e-04
410.6	1.6504e-04
410.8	2.2577e-04
411.0	2.9708e-04
411.2	4.3075e-04
411.4	4.6733e-04
411.6	7.6116e-04
411.8	0.00113
412.0	0.00164
412.2	0.00235
412.4	0.00286
412.6	0.00358
412.8	0.004
413.0	0.0042
413.2	0.00408
413.4	0.00378
413.6	0.00323
413.8	0.00268
414.0	0.00208
414.2	0.00165
414.4	0.00127
414.6	9.7429e-04
414.8	8.583e-04
415.0	6.9986e-04
415.2	5.7244e-04
415.4	5.6993e-04
415.6	5.1769e-04
415.8	4.7831e-04
416.0	3.9856e-04
416.2	4.0966e-04
416.4	4.2097e-04
416.6	3.8889e-04
416.8	3.6119e-04
417.0	3.7045e-04
417.2	4.1251e-04
417.4	4.2329e-04
417.6	5.2076e-04
417.8	5.6069e-04
418.0	6.3043e-04
418.2	6.866e-04
418.4	8.2646e-04
418.6	8.5993e-04
418.8	8.8919e-04
419.0	9.5014e-04
419.2	9.3546e-04
419.4	7.9599e-04
419.6	7.4453e-04
419.8	6.4329e-04
420.0	5.4002e-04
420.2	4.1636e-04
420.4	3.3848e-04
420.6	3.0804e-04
420.8	3.6427e-04
421.0	3.2401e-04
421.2	2.8993e-04
421.4	2.9282e-04
421.6	2.7631e-04
421.8	2.7276e-04
422.0	2.8588e-04
422.2	2.8002e-04
422.4	2.6142e-04
422.6	2.7043e-04
422.8	2.9284e-04
423.0	2.908e-04
423.2	3.0551e-04
423.4	2.9798e-04
423.6	3.2257e-04
423.8	3.2349e-04
424.0	3.4945e-04
424.2	3.7997e-04
424.4	4.0396e-04
424.6	4.1476e-04
424.8	3.6301e-04
425.0	4.0431e-04
425.2	4.0822e-04
425.4	4.1022e-04
425.6	3.7027e-04
425.8	3.5744e-04
426.0	3.2144e-04
426.2	3.5759e-04
426.4	2.9717e-04
426.6	2.9979e-04
426.8	2.9014e-04
427.0	2.1483e-04
427.2	8.4975e-05
427.4	1.0386e-04
427.6	8.0427e-05
427.8	6.8996e-05
428.0	8.4713e-05
428.2	9.8485e-05
428.4	6.0118e-05
428.6	6.0176e-05
428.8	8.9512e-05
429.0	7.7396e-05
429.2	1.0541e-04
429.4	1.6083e-04
429.6	1.0719e-04
429.8	1.2366e-04
430.0	4.672e-05
430.2	1.674e-04
430.4	1.4314e-04
430.6	1.9661e-04
430.8	2.2951e-04
431.0	2.5854e-04
431.2	2.3771e-04
431.4	2.6187e-04
431.6	2.3808e-04
431.8	2.5175e-04
432.0	2.3152e-04
432.2	2.62e-04
432.4	2.4947e-04
432.6	2.0321e-04
432.8	2.2463e-04
433.0	2.069e-04
433.2	1.9518e-04
433.4	2.135e-04
433.6	1.7808e-04
433.8	2.2148e-04
434.0	2.3029e-04
434.2	2.6091e-04
434.4	2.6802e-04
434.6	2.7223e-04
434.8	2.5602e-04
435.0	3.4315e-04
435.2	3.8516e-04
435.4	4.6191e-04
435.6	4.6881e-04
435.8	5.8249e-04
436.0	6.4434e-04
436.2	6.9331e-04
436.4	7.7205e-04
436.6	7.4593e-04
436.8	6.9744e-04
437.0	6.5029e-04
437.2	5.9972e-04
437.4	6.2465e-04
437.6	5.5891e-04
437.8	5.1294e-04
438.0	5.4725e-04
438.2	5.1669e-04
438.4	5.253e-04
438.6	5.4174e-04
438.8	4.9383e-04
439.0	4.8211e-04
439.2	5.2255e-04
439.4	5.3903e-04
439.6	5.5691e-04
439.8	5.7852e-04
440.0	5.5557e-04
440.2	5.8656e-04
440.4	5.6649e-04
440.6	5.2062e-04
440.8	5.6168e-04
441.0	5.6143e-04
441.2	5.8509e-04
441.4	5.8608e-04
441.6	5.6506e-04
441.8	5.8764e-04
442.0	6.3396e-04
442.2	6.4739e-04
442.4	6.2841e-04
442.6	6.2355e-04
442.8	6.1772e-04
443.0	6.3133e-04
443.2	6.7338e-04
443.4	6.2836e-04
443.6	6.4475e-04
443.8	6.9493e-04
444.0	6.7171e-04
444.2	6.684e-04
444.4	6.4481e-04
444.6	6.7851e-04
444.8	6.577e-04
445.0	6.6279e-04
445.2	6.8767e-04
445.4	7.2421e-04
445.6	6.7842e-04
445.8	7.1458e-04
446.0	7.0349e-04
446.2	7.0414e-04
446.4	7.2308e-04
446.6	7.0872e-04
446.8	6.8254e-04
447.0	6.8278e-04
447.2	7.2533e-04
447.4	7.2835e-04
447.6	6.9817e-04
447.8	7.1135e-04
448.0	7.6601e-04
448.2	7.4571e-04
448.4	7.5059e-04
448.6	7.5099e-04
448.8	7.5398e-04
449.0	7.5492e-04
449.2	7.9666e-04
449.4	7.612e-04
449.6	7.2715e-04
449.8	7.3522e-04
450.0	7.5494e-04
450.2	7.6414e-04
450.4	7.952e-04
450.6	7.6136e-04
450.8	7.8282e-04
451.0	8.0538e-04
451.2	8.7604e-04
451.4	7.9632e-04
451.6	8.1303e-04
451.8	8.1743e-04
452.0	7.9824e-04
452.2	8.021e-04
452.4	8.1255e-04
452.6	7.8148e-04
452.8	8.133e-04
453.0	8.087e-04
453.2	8.22e-04
453.4	8.0069e-04
453.6	8.0922e-04
453.8	8.0321e-04
454.0	8.0777e-04
454.2	8.1151e-04
454.4	7.8836e-04
454.6	8.2611e-04
454.8	8.1303e-04
455.0	2.3894e-05
455.2	2.378e-05
455.4	2.3783e-05
455.6	2.377e-05
455.8	3.0415e-05
456.0	3.4452e-05
456.2	2.9095e-05
456.4	7.4127e-05
456.6	6.3053e-05
456.8	8.9186e-05
457.0	1.3931e-04
457.2	1.4099e-04
457.4	1.9411e-04
457.6	2.2009e-04
457.8	2.8672e-04
458.0	3.2222e-04
458.2	4.2534e-04
458.4	4.5456e-04
458.6	5.4805e-04
458.8	6.16e-04
459.0	6.718e-04
459.2	7.7871e-04
459.4	8.9142e-04
459.6	0.00102
459.8	0.00112
460.0	0.00125
460.2	0.00143
460.4	0.0016
460.6	0.00182
460.8	0.00198
461.0	0.00223
461.2	0.0025
461.4	0.00276
461.6	0.00318
461.8	0.00352
462.0	0.00392
462.2	0.00446
462.4	0.00503
462.6	0.00574
462.8	0.00667
463.0	0.0077
463.2	0.00898
463.4	0.01053
463.6	0.01246
463.8	0.01479
464.0	0.01784
464.2	0.02253
464.4	0.02742
464.6	0.03379
464.8	0.04167
465.0	0.05184
465.2	0.0643
465.4	0.08103
465.6	0.10074
465.8	0.12308
466.0	0.14835
466.2	0.17701
466.4	0.20896
466.6	0.24159
466.8	0.2727
467.0	0.3065
467.2	0.33823
467.4	0.36693
467.6	0.39313
467.8	0.41543
468.0	0.43286
468.2	0.44732
468.4	0.45452
468.6	0.46292
468.8	0.46551
469.0	0.46727
469.2	0.46856
469.4	0.46834
469.6	0.46912
469.8	0.46876
470.0	0.46857
470.2	0.4685
470.4	0.46877
470.6	0.46768
470.8	0.46703
471.0	0.46828
471.2	0.46718
471.4	0.46805
471.6	0.46781
471.8	0.4688
472.0	0.46896
472.2	0.47084
472.4	0.47388
472.6	0.47602
472.8	0.48158
473.0	0.48936
473.2	0.49797
473.4	0.5092
473.6	0.52606
473.8	0.54715
474.0	0.57353
474.2	0.60695
474.4	0.64562
474.6	0.68822
474.8	0.73309
475.0	0.78086
475.2	0.82515
475.4	0.86545
475.6	0.89827
475.8	0.9235
476.0	0.94313
476.2	0.95562
476.4	0.96045
476.6	0.96368
476.8	0.96575
477.0	0.96567
477.2	0.96627
477.4	0.96441
477.6	0.96556
477.8	0.96653
478.0	0.96567
478.2	0.96649
478.4	0.96931
478.6	0.97043
478.8	0.97216
479.0	0.9714
479.2	0.97241
479.4	0.97349
479.6	0.97485
479.8	0.97581
480.0	0.97678
480.2	0.97671
480.4	0.97432
480.6	0.97598
480.8	0.97519
481.0	0.97438
481.2	0.97303
481.4	0.97085
481.6	0.96991
481.8	0.97002
482.0	0.96842
482.2	0.96973
482.4	0.96771
482.6	0.96722
482.8	0.96711
483.0	0.96826
483.2	0.9688
483.4	0.96796
483.6	0.96895
483.8	0.9694
484.0	0.97125
484.2	0.97175
484.4	0.97497
484.6	0.97406
484.8	0.9751
485.0	0.97428
485.2	0.97576
485.4	0.97642
485.6	0.97582
485.8	0.97555
486.0	0.97477
486.2	0.97319
486.4	0.97412
486.6	0.97304
486.8	0.97268
487.0	0.97301
487.2	0.97112
487.4	0.97136
487.6	0.97113
487.8	0.97225
488.0	0.97094
488.2	0.97177
488.4	0.97114
488.6	0.96986
488.8	0.97082
489.0	0.97013
489.2	0.97223
489.4	0.97186
489.6	0.97167
489.8	0.97074
490.0	0.97144
490.2	0.96987
490.4	0.9706
490.6	0.96931
490.8	0.97045
491.0	0.97052
491.2	0.969
491.4	0.96911
491.6	0.96821
491.8	0.96791
492.0	0.96861
492.2	0.96924
492.4	0.97029
492.6	0.96798
492.8	0.96861
493.0	0.96832
493.2	0.96815
493.4	0.96745
493.6	0.96811
493.8	0.96764
494.0	0.96823
494.2	0.96807
494.4	0.96803
494.6	0.96916
494.8	0.9679
495.0	0.96868
495.2	0.96824
495.4	0.96804
495.6	0.96868
495.8	0.96612
496.0	0.97022
496.2	0.97024
496.4	0.9701
496.6	0.97016
496.8	0.96894
497.0	0.96942
497.2	0.97053
497.4	0.97159
497.6	0.97215
497.8	0.97262
498.0	0.97238
498.2	0.97265
498.4	0.97394
498.6	0.97515
498.8	0.97425
499.0	0.97429
499.2	0.97418
499.4	0.97312
499.6	0.97284
499.8	0.97219
500.0	0.97319
500.2	0.97251
500.4	0.97259
500.6	0.97153
500.8	0.97315
501.0	0.97198
501.2	0.97299
501.4	0.97127
501.6	0.97202
501.8	0.97092
502.0	0.97136
502.2	0.97134
502.4	0.9702
502.6	0.96937
502.8	0.96976
503.0	0.97049
503.2	0.97171
503.4	0.97291
503.6	0.97146
503.8	0.97077
504.0	0.97151
504.2	0.96989
504.4	0.972
504.6	0.97196
504.8	0.97125
505.0	0.97148
505.2	0.9708
505.4	0.97014
505.6	0.96989
505.8	0.96896
506.0	0.96837
506.2	0.96956
506.4	0.96833
506.6	0.96688
506.8	0.96759
507.0	0.9678
507.2	0.9682
507.4	0.9673
507.6	0.96708
507.8	0.96799
508.0	0.96682
508.2	0.96844
508.4	0.96787
508.6	0.9693
508.8	0.9677
509.0	0.97003
509.2	0.97109
509.4	0.97012
509.6	0.96994
509.8	0.97133
510.0	0.9702
510.2	0.97021
510.4	0.97168
510.6	0.97173
510.8	0.97262
511.0	0.97153
511.2	0.97138
511.4	0.97257
511.6	0.97206
511.8	0.972
512.0	0.97336
512.2	0.97307
512.4	0.97111
512.6	0.97137
512.8	0.97316
513.0	0.97162
513.2	0.97322
513.4	0.97194
513.6	0.97095
513.8	0.97337
514.0	0.97302
514.2	0.97366
514.4	0.97259
514.6	0.97288
514.8	0.97342
515.0	0.97281
515.2	0.97419
515.4	0.97531
515.6	0.97444
515.8	0.97476
516.0	0.97386
516.2	0.97297
516.4	0.97491
516.6	0.97434
516.8	0.97587
517.0	0.9742
517.2	0.97372
517.4	0.97257
517.6	0.97344
517.8	0.97426
518.0	0.97163
518.2	0.97272
518.4	0.9738
518.6	0.97137
518.8	0.97461
519.0	0.96965
519.2	0.97006
519.4	0.97299
519.6	0.97173
519.8	0.97308
520.0	0.97186
520.2	0.97012
520.4	0.97355
520.6	0.97141
520.8	0.97077
521.0	0.97091
521.2	0.97047
521.4	0.97222
521.6	0.97161
521.8	0.97165
522.0	0.97314
522.2	0.97339
522.4	0.97179
522.6	0.97178
522.8	0.97049
523.0	0.97149
523.2	0.97092
523.4	0.97186
523.6	0.97295
523.8	0.97094
524.0	0.97123
524.2	0.97103
524.4	0.96997
524.6	0.96934
524.8	0.97103
525.0	0.96911
525.2	0.97074
525.4	0.9687
525.6	0.97044
525.8	0.97128
526.0	0.97062
526.2	0.97114
526.4	0.97346
526.6	0.97131
526.8	0.97325
527.0	0.97345
527.2	0.9728
527.4	0.9731
527.6	0.9715
527.8	0.97472
528.0	0.97409
528.2	0.97314
528.4	0.97261
528.6	0.97289
528.8	0.97573
529.0	0.97261
529.2	0.97448
529.4	0.97409
529.6	0.97489
529.8	0.97325
530.0	0.97407
530.2	0.97431
530.4	0.97253
530.6	0.97404
530.8	0.97489
531.0	0.97446
531.2	0.97338
531.4	0.973
531.6	0.97461
531.8	0.97414
532.0	0.97405
532.2	0.97257
532.4	0.97546
532.6	0.97332
532.8	0.97493
533.0	0.97398
533.2	0.97389
533.4	0.97569
533.6	0.97444
533.8	0.97406
534.0	0.97498
534.2	0.97592
534.4	0.97362
534.6	0.97406
534.8	0.97617
535.0	0.97383
535.2	0.97303
535.4	0.97276
535.6	0.97264
535.8	0.97443
536.0	0.97264
536.2	0.97448
536.4	0.97494
536.6	0.97161
536.8	0.97374
537.0	0.97409
537.2	0.97184
537.4	0.9709
537.6	0.97118
537.8	0.97114
538.0	0.97151
538.2	0.97065
538.4	0.97064
538.6	0.97103
538.8	0.97032
539.0	0.97068
539.2	0.96981
539.4	0.9709
539.6	0.97027
539.8	0.97069
540.0	0.97099
540.2	0.97352
540.4	0.97148
540.6	0.97099
540.8	0.97177
541.0	0.97108
541.2	0.97297
541.4	0.97046
541.6	0.97252
541.8	0.97245
542.0	0.97281
542.2	0.97326
542.4	0.97213
542.6	0.97404
542.8	0.97392
543.0	0.97215
543.2	0.97296
543.4	0.96958
543.6	0.96997
543.8	0.97079
544.0	0.97181
544.2	0.97109
544.4	0.97338
544.6	0.97145
544.8	0.97137
545.0	0.9706
545.2	0.96979
545.4	0.97098
545.6	0.97276
545.8	0.97235
546.0	0.97069
546.2	0.97127
546.4	0.97186
546.6	0.97061
546.8	0.97353
547.0	0.97177
547.2	0.97183
547.4	0.9727
547.6	0.97031
547.8	0.97369
548.0	0.97291
548.2	0.97237
548.4	0.97345
548.6	0.97189
548.8	0.97221
549.0	0.97161
549.2	0.97363
549.4	0.97136
549.6	0.97447
549.8	0.97411
550.0	0.97437
550.2	0.97371
550.4	0.97302
550.6	0.97429
550.8	0.97322
551.0	0.97302
551.2	0.97324
551.4	0.97151
551.6	0.97115
551.8	0.97197
552.0	0.97076
552.2	0.97167
552.4	0.97159
552.6	0.97154
552.8	0.9712
553.0	0.97118
553.2	0.97064
553.4	0.97264
553.6	0.97255
553.8	0.97113
554.0	0.972
554.2	0.96734
554.4	0.96974
554.6	0.97058
554.8	0.96963
555.0	0.96927
555.2	0.97006
555.4	0.96831
555.6	0.9706
555.8	0.97013
556.0	0.96894
556.2	0.96708
556.4	0.96795
556.6	0.9681
556.8	0.96766
557.0	0.96992
557.2	0.96959
557.4	0.96673
557.6	0.96935
557.8	0.96808
558.0	0.96727
558.2	0.96833
558.4	0.96914
558.6	0.96857
558.8	0.96832
559.0	0.9651
559.2	0.96691
559.4	0.96437
559.6	0.96646
559.8	0.9659
560.0	0.96744
560.2	0.9674
560.4	0.96807
560.6	0.96794
560.8	0.96514
561.0	0.96482
561.2	0.96688
561.4	0.96585
561.6	0.96594
561.8	0.96674
562.0	0.96681
562.2	0.96614
562.4	0.96621
562.6	0.96778
562.8	0.96749
563.0	0.96683
563.2	0.96791
563.4	0.96736
563.6	0.96841
563.8	0.96847
564.0	0.9688
564.2	0.96823
564.4	0.96741
564.6	0.96622
564.8	0.96806
565.0	0.96764
565.2	0.96565
565.4	0.96746
565.6	0.96922
565.8	0.97076
566.0	0.96922
566.2	0.96836
566.4	0.96824
566.6	0.96765
566.8	0.96702
567.0	0.96655
567.2	0.96948
567.4	0.96819
567.6	0.96825
567.8	0.96677
568.0	0.9671
568.2	0.9665
568.4	0.96938
568.6	0.96796
568.8	0.96778
569.0	0.96807
569.2	0.96776
569.4	0.96861
569.6	0.96832
569.8	0.96913
570.0	0.96702
570.2	0.96697
570.4	0.96721
570.6	0.96703
570.8	0.96738
571.0	0.96778
571.2	0.96702
571.4	0.96937
571.6	0.96622
571.8	0.9688
572.0	0.96808
572.2	0.96771
572.4	0.96745
572.6	0.96769
572.8	0.96745
573.0	0.96813
573.2	0.9669
573.4	0.96712
573.6	0.96794
573.8	0.96696
574.0	0.96802
574.2	0.96707
574.4	0.96758
574.6	0.96724
574.8	0.96733
575.0	0.96515
575.2	0.96493
575.4	0.96565
575.6	0.96531
575.8	0.96673
576.0	0.96767
576.2	0.96601
576.4	0.96648
576.6	0.96652
576.8	0.96365
577.0	0.96655
577.2	0.96401
577.4	0.96484
577.6	0.96549
577.8	0.96349
578.0	0.96405
578.2	0.96502
578.4	0.96443
578.6	0.96658
578.8	0.96501
579.0	0.9627
579.2	0.96586
579.4	0.96472
579.6	0.96533
579.8	0.96514
580.0	0.96497
580.2	0.96729
580.4	0.96321
580.6	0.96699
580.8	0.96509
581.0	0.96716
581.2	0.96658
581.4	0.96618
581.6	0.96358
581.8	0.9654
582.0	0.9642
582.2	0.96287
582.4	0.96356
582.6	0.96639
582.8	0.96614
583.0	0.96381
583.2	0.96474
583.4	0.96423
583.6	0.9628
583.8	0.96414
584.0	0.96349
584.2	0.9633
584.4	0.96532
584.6	0.96539
584.8	0.96644
585.0	0.96349
585.2	0.96442
585.4	0.96493
585.6	0.96605
585.8	0.96536
586.0	0.96624
586.2	0.96763
586.4	0.96679
586.6	0.96663
586.8	0.96476
587.0	0.96543
587.2	0.96605
587.4	0.96552
587.6	0.96745
587.8	0.96524
588.0	0.96713
588.2	0.96524
588.4	0.96774
588.6	0.96774
588.8	0.96957
589.0	0.96798
589.2	0.96682
589.4	0.96973
589.6	0.96834
589.8	0.96848
590.0	0.96716
590.2	0.96578
590.4	0.9691
590.6	0.96739
590.8	0.96976
591.0	0.96847
591.2	0.96976
591.4	0.96904
591.6	0.96994
591.8	0.96825
592.0	0.9687
592.2	0.96866
592.4	0.96697
592.6	0.9662
592.8	0.96682
593.0	0.96601
593.2	0.96776
593.4	0.96754
593.6	0.96555
593.8	0.96671
594.0	0.96826
594.2	0.96644
594.4	0.96464
594.6	0.96492
594.8	0.96632
595.0	0.96736
595.2	0.96869
595.4	0.96842
595.6	0.96806
595.8	0.9653
596.0	0.96448
596.2	0.96686
596.4	0.96627
596.6	0.96758
596.8	0.9669
597.0	0.96543
597.2	0.96615
597.4	0.96975
597.6	0.96946
597.8	0.97013
598.0	0.96758
598.2	0.9665
598.4	0.96782
598.6	0.97072
598.8	0.96938
599.0	0.96792
599.2	0.96797
599.4	0.96666
599.6	0.9682
599.8	0.9684
600.0	0.9667
600.2	0.96764
600.4	0.96711
600.6	0.96845
600.8	0.96755
601.0	0.96956
601.2	0.96841
601.4	0.96655
601.6	0.96736
601.8	0.96874
602.0	0.96816
602.2	0.96742
602.4	0.96453
602.6	0.96733
602.8	0.96641
603.0	0.96497
603.2	0.96723
603.4	0.96736
603.6	0.96884
603.8	0.96869
604.0	0.96827
604.2	0.96597
604.4	0.96556
604.6	0.96715
604.8	0.96732
605.0	0.96827
605.2	0.9671
605.4	0.96575
605.6	0.96775
605.8	0.96857
606.0	0.96754
606.2	0.96717
606.4	0.96905
606.6	0.97178
606.8	0.96931
607.0	0.9684
607.2	0.97118
607.4	0.97214
607.6	0.96994
607.8	0.96952
608.0	0.97069
608.2	0.96967
608.4	0.96909
608.6	0.96889
608.8	0.96921
609.0	0.97166
609.2	0.97007
609.4	0.969
609.6	0.96935
609.8	0.96873
610.0	0.97077
610.2	0.97026
610.4	0.96871
610.6	0.96826
610.8	0.96982
611.0	0.96912
611.2	0.9684
611.4	0.96798
611.6	0.96993
611.8	0.97
612.0	0.96751
612.2	0.96938
612.4	0.96874
612.6	0.96893
612.8	0.9671
613.0	0.96922
613.2	0.97058
613.4	0.96949
613.6	0.9692
613.8	0.96851
614.0	0.96795
614.2	0.96949
614.4	0.96838
614.6	0.96772
614.8	0.96826
615.0	0.96914
615.2	0.97033
615.4	0.97146
615.6	0.97007
615.8	0.96898
616.0	0.96825
616.2	0.9695
616.4	0.97095
616.6	0.9705
616.8	0.97043
617.0	0.97131
617.2	0.96727
617.4	0.9676
617.6	0.97255
617.8	0.971
618.0	0.96999
618.2	0.97142
618.4	0.96848
618.6	0.97167
618.8	0.96954
619.0	0.97125
619.2	0.97362
619.4	0.97263
619.6	0.97045
619.8	0.96876
620.0	0.96885
620.2	0.96908
620.4	0.96994
620.6	0.96912
620.8	0.96939
621.0	0.96869
621.2	0.96992
621.4	0.9671
621.6	0.96988
621.8	0.96854
622.0	0.96993
622.2	0.96673
622.4	0.96765
622.6	0.96968
622.8	0.96717
623.0	0.96792
623.2	0.96735
623.4	0.96708
623.6	0.96792
623.8	0.97011
624.0	0.97008
624.2	0.96782
624.4	0.96659
624.6	0.96998
624.8	0.96779
625.0	0.96947
625.2	0.9724
625.4	0.9706
625.6	0.96868
625.8	0.96872
626.0	0.97156
626.2	0.97065
626.4	0.96951
626.6	0.96997
626.8	0.9678
627.0	0.97056
627.2	0.97286
627.4	0.96871
627.6	0.9705
627.8	0.97074
628.0	0.97167
628.2	0.97151
628.4	0.9715
628.6	0.97293
628.8	0.97006
629.0	0.96904
629.2	0.97163
629.4	0.97089
629.6	0.97075
629.8	0.97171
630.0	0.97031
630.2	0.97154
630.4	0.96942
630.6	0.97056
630.8	0.97249
631.0	0.96995
631.2	0.97142
631.4	0.97191
631.6	0.97036
631.8	0.96992
632.0	0.96649
632.2	0.96985
632.4	0.96818
632.6	0.96856
632.8	0.97143
633.0	0.96993
633.2	0.96899
633.4	0.96846
633.6	0.97027
633.8	0.97221
634.0	0.97126
634.2	0.97075
634.4	0.9716
634.6	0.97205
634.8	0.97152
635.0	0.97206
635.2	0.97039
635.4	0.9705
635.6	0.97075
635.8	0.9686
636.0	0.96986
636.2	0.97143
636.4	0.97243
636.6	0.97101
636.8	0.97421
637.0	0.9728
637.2	0.97046
637.4	0.9685
637.6	0.97084
637.8	0.97257
638.0	0.97263
638.2	0.97336
638.4	0.9696
638.6	0.97313
638.8	0.97324
639.0	0.97214
639.2	0.97462
639.4	0.97226
639.6	0.97307
639.8	0.97285
640.0	0.97315
640.2	0.97013
640.4	0.97143
640.6	0.97496
640.8	0.97471
641.0	0.97448
641.2	0.9723
641.4	0.97393
641.6	0.97379
641.8	0.97197
642.0	0.97181
642.2	0.97252
642.4	0.97278
642.6	0.97332
642.8	0.97228
643.0	0.97125
643.2	0.96996
643.4	0.96986
643.6	0.97225
643.8	0.97523
644.0	0.9728
644.2	0.97295
644.4	0.97431
644.6	0.97276
644.8	0.97054
645.0	0.97277
645.2	0.97125
645.4	0.9753
645.6	0.97314
645.8	0.97076
646.0	0.97262
646.2	0.97256
646.4	0.96963
646.6	0.97406
646.8	0.97184
647.0	0.97108
647.2	0.97091
647.4	0.9702
647.6	0.97205
647.8	0.97136
648.0	0.97108
648.2	0.97057
648.4	0.97189
648.6	0.97231
648.8	0.97165
649.0	0.96939
649.2	0.96887
649.4	0.97195
649.6	0.97194
649.8	0.96965
650.0	0.97002
650.2	0.97049
650.4	0.97064
650.6	0.97121
650.8	0.97207
651.0	0.9686
651.2	0.97103
651.4	0.9693
651.6	0.9695
651.8	0.96915
652.0	0.9698
652.2	0.9704
652.4	0.97204
652.6	0.97009
652.8	0.97004
653.0	0.97019
653.2	0.96895
653.4	0.96654
653.6	0.96708
653.8	0.96624
654.0	0.96962
654.2	0.96994
654.4	0.96915
654.6	0.96922
654.8	0.97064
655.0	0.97108
655.2	0.97133
655.4	0.97122
655.6	0.9711
655.8	0.96915
656.0	0.97016
656.2	0.9723
656.4	0.97138
656.6	0.97053
656.8	0.97042
657.0	0.97059
657.2	0.9703
657.4	0.96946
657.6	0.97235
657.8	0.97167
658.0	0.97004
658.2	0.96947
658.4	0.97217
658.6	0.97169
658.8	0.97031
659.0	0.96958
659.2	0.97248
659.4	0.97126
659.6	0.97108
659.8	0.97271
660.0	0.97196
660.2	0.97121
660.4	0.97267
660.6	0.97121
660.8	0.97358
661.0	0.97406
661.2	0.97237
661.4	0.97504
661.6	0.97503
661.8	0.96922
662.0	0.97053
662.2	0.97384
662.4	0.97293
662.6	0.97099
662.8	0.97451
663.0	0.97354
663.2	0.96897
663.4	0.9688
663.6	0.97397
663.8	0.97302
664.0	0.97349
664.2	0.96807
664.4	0.96921
664.6	0.96828
664.8	0.97395
665.0	0.97289
665.2	0.97264
665.4	0.96941
665.6	0.97072
665.8	0.97259
666.0	0.97117
666.2	0.9696
666.4	0.97114
666.6	0.96763
666.8	0.96926
667.0	0.97323
667.2	0.97334
667.4	0.96968
667.6	0.96977
667.8	0.97217
668.0	0.97212
668.2	0.97261
668.4	0.9715
668.6	0.97118
668.8	0.97098
669.0	0.97046
669.2	0.97219
669.4	0.9707
669.6	0.97152
669.8	0.96991
670.0	0.97016
670.2	0.97117
670.4	0.97117
670.6	0.97006
670.8	0.97251
671.0	0.97416
671.2	0.97419
671.4	0.97267
671.6	0.97291
671.8	0.97357
672.0	0.97343
672.2	0.97059
672.4	0.97312
672.6	0.97446
672.8	0.97348
673.0	0.97199
673.2	0.97117
673.4	0.97142
673.6	0.97195
673.8	0.97348
674.0	0.9713
674.2	0.97006
674.4	0.96886
674.6	0.97106
674.8	0.97149
675.0	0.97022
675.2	0.96591
675.4	0.97157
675.6	0.97008
675.8	0.9685
676.0	0.96815
676.2	0.97047
676.4	0.96681
676.6	0.96933
676.8	0.96814
677.0	0.96815
677.2	0.97016
677.4	0.97057
677.6	0.96889
677.8	0.96827
678.0	0.9695
678.2	0.96986
678.4	0.96729
678.6	0.96854
678.8	0.96952
679.0	0.96585
679.2	0.96789
679.4	0.96723
679.6	0.96694
679.8	0.96716
680.0	0.96972
680.2	0.96866
680.4	0.97101
680.6	0.97045
680.8	0.97351
681.0	0.97195
681.2	0.97073
681.4	0.96894
681.6	0.97011
681.8	0.96658
682.0	0.96791
682.2	0.97079
682.4	0.96906
682.6	0.97053
682.8	0.96817
683.0	0.97016
683.2	0.97023
683.4	0.96954
683.6	0.97051
683.8	0.9732
684.0	0.97168
684.2	0.97049
684.4	0.9693
684.6	0.97075
684.8	0.97117
685.0	0.97029
685.2	0.97262
685.4	0.97553
685.6	0.97263
685.8	0.97003
686.0	0.96882
686.2	0.96952
686.4	0.97292
686.6	0.9715
686.8	0.97199
687.0	0.96865
687.2	0.9701
687.4	0.97056
687.6	0.97087
687.8	0.97108
688.0	0.97131
688.2	0.96618
688.4	0.96879
688.6	0.97147
688.8	0.97126
689.0	0.97027
689.2	0.97042
689.4	0.96671
689.6	0.96978
689.8	0.9683
690.0	0.96917
690.2	0.97054
690.4	0.96724
690.6	0.96769
690.8	0.96933
691.0	0.96765
691.2	0.96693
691.4	0.96687
691.6	0.96755
691.8	0.96587
692.0	0.96839
692.2	0.9688
692.4	0.96807
692.6	0.96823
692.8	0.97135
693.0	0.9687
693.2	0.97033
693.4	0.96494
693.6	0.96677
693.8	0.96876
694.0	0.97269
694.2	0.96958
694.4	0.96822
694.6	0.97122
694.8	0.97087
695.0	0.96856
695.2	0.96706
695.4	0.96792
695.6	0.96741
695.8	0.97049
696.0	0.96962
696.2	0.96892
696.4	0.97007
696.6	0.97579
696.8	0.97434
697.0	0.97009
697.2	0.96759
697.4	0.96814
697.6	0.96732
697.8	0.96578
698.0	0.96851
698.2	0.96908
698.4	0.96917
698.6	0.9685
698.8	0.9681
699.0	0.96771
699.2	0.96893
699.4	0.96862
699.6	0.97375
699.8	0.9717
700.0	0.973
700.2	0.9736
700.4	0.97012
700.6	0.9705
700.8	0.97191
701.0	0.97077
701.2	0.96638
701.4	0.96842
701.6	0.96909
701.8	0.9667
702.0	0.96873
702.2	0.97026
702.4	0.9679
702.6	0.96942
702.8	0.9667
703.0	0.96889
703.2	0.97014
703.4	0.96951
703.6	0.96861
703.8	0.96592
704.0	0.96769
704.2	0.96901
704.4	0.96496
704.6	0.96525
704.8	0.9676
705.0	0.9664
705.2	0.9671
705.4	0.96678
705.6	0.96629
705.8	0.96833
706.0	0.96961
706.2	0.96938
706.4	0.96903
706.6	0.96789
706.8	0.96797
707.0	0.97013
707.2	0.97141
707.4	0.96741
707.6	0.96958
707.8	0.96865
708.0	0.96936
708.2	0.96757
708.4	0.9693
708.6	0.97055
708.8	0.9719
709.0	0.97082
709.2	0.96616
709.4	0.97001
709.6	0.97191
709.8	0.97281
710.0	0.96782
710.2	0.96937
710.4	0.9671
710.6	0.97054
710.8	0.97126
711.0	0.9726
711.2	0.97236
711.4	0.97149
711.6	0.96567
711.8	0.96737
712.0	0.97236
712.2	0.96835
712.4	0.96889
712.6	0.97177
712.8	0.96881
713.0	0.97176
713.2	0.96668
713.4	0.96812
713.6	0.96891
713.8	0.969
714.0	0.97144
714.2	0.96715
714.4	0.96684
714.6	0.96864
714.8	0.97081
715.0	0.97097
715.2	0.9714
715.4	0.96896
715.6	0.96842
715.8	0.96837
716.0	0.96879
716.2	0.96756
716.4	0.96441
716.6	0.96653
716.8	0.96795
717.0	0.96883
717.2	0.9665
717.4	0.96708
717.6	0.96913
717.8	0.96945
718.0	0.96814
718.2	0.96817
718.4	0.96808
718.6	0.96766
718.8	0.96948
719.0	0.97006
719.2	0.96897
719.4	0.96585
719.6	0.97081
719.8	0.96699
720.0	0.96674
720.2	0.96562
720.4	0.96597
720.6	0.96418
720.8	0.96567
721.0	0.96832
721.2	0.97078
721.4	0.9707
721.6	0.96724
721.8	0.96696
722.0	0.96698
722.2	0.96729
722.4	0.96961
722.6	0.97113
722.8	0.97001
723.0	0.97081
723.2	0.97109
723.4	0.97058
723.6	0.97214
723.8	0.97376
724.0	0.96683
724.2	0.96686
724.4	0.96953
724.6	0.96728
724.8	0.96992
725.0	0.96951
725.2	0.97117
725.4	0.96936
725.6	0.96529
725.8	0.96916
726.0	0.9705
726.2	0.97141
726.4	0.97063
726.6	0.97501
726.8	0.97434
727.0	0.97022
727.2	0.97262
727.4	0.97045
727.6	0.96926
727.8	0.96959
728.0	0.97082
728.2	0.97092
728.4	0.97086
728.6	0.96856
728.8	0.96943
729.0	0.97383
729.2	0.97257
729.4	0.96888
729.6	0.96988
729.8	0.96749
730.0	0.97049
730.2	0.97089
730.4	0.96882
730.6	0.96585
730.8	0.96649
731.0	0.96671
731.2	0.96781
731.4	0.97018
731.6	0.9697
731.8	0.96778
732.0	0.96632
732.2	0.96648
732.4	0.96759
732.6	0.96484
732.8	0.9693
733.0	0.9682
733.2	0.96912
733.4	0.97011
733.6	0.97184
733.8	0.96896
734.0	0.96778
734.2	0.97066
734.4	0.96904
734.6	0.9696
734.8	0.97229
735.0	0.97483
735.2	0.97389
735.4	0.97238
735.6	0.96787
735.8	0.97186
736.0	0.97041
736.2	0.96829
736.4	0.96873
736.6	0.96923
736.8	0.97202
737.0	0.97146
737.2	0.97338
737.4	0.97344
737.6	0.97027
737.8	0.97357
738.0	0.9731
738.2	0.9782
738.4	0.9756
738.6	0.97065
738.8	0.97087
739.0	0.97172
739.2	0.96772
739.4	0.96835
739.6	0.97296
739.8	0.972
740.0	0.97445
740.2	0.97343
740.4	0.97334
740.6	0.9709
740.8	0.97295
741.0	0.97236
741.2	0.97238
741.4	0.96822
741.6	0.9705
741.8	0.97345
742.0	0.96983
742.2	0.97041
742.4	0.97139
742.6	0.97099
742.8	0.97167
743.0	0.96928
743.2	0.97032
743.4	0.9693
743.6	0.97126
743.8	0.96982
744.0	0.96983
744.2	0.97036
744.4	0.97093
744.6	0.96803
744.8	0.96846
745.0	0.96861
745.2	0.96837
745.4	0.96977
745.6	0.96932
745.8	0.96699
746.0	0.97042
746.2	0.97072
746.4	0.96982
746.6	0.96895
746.8	0.96895
747.0	0.96942
747.2	0.97026
747.4	0.96957
747.6	0.96795
747.8	0.96695
748.0	0.97232
748.2	0.97315
748.4	0.96709
748.6	0.96676
748.8	0.96853
749.0	0.96854
749.2	0.97228
749.4	0.96952
749.6	0.96918
749.8	0.9667
750.0	0.96941
750.2	0.97051
750.4	0.96821
750.6	0.97155
750.8	0.97048
751.0	0.97052
751.2	0.97163
751.4	0.97221
751.6	0.97214
751.8	0.96864
752.0	0.97166
752.2	0.9711
752.4	0.97182
752.6	0.97209
752.8	0.97257
753.0	0.97398
753.2	0.97032
753.4	0.97023
753.6	0.97056
753.8	0.96525
754.0	0.97118
754.2	0.96811
754.4	0.96644
754.6	0.97231
754.8	0.97561
755.0	0.97556
755.2	0.97078
755.4	0.96839
755.6	0.97398
755.8	0.97189
756.0	0.97441
756.2	0.97299
756.4	0.9729
756.6	0.97179
756.8	0.96869
757.0	0.96879
757.2	0.96825
757.4	0.97303
757.6	0.96951
757.8	0.9716
758.0	0.97294
758.2	0.96923
758.4	0.9691
758.6	0.96455
758.8	0.96579
759.0	0.97042
759.2	0.96894
759.4	0.96529
759.6	0.96623
759.8	0.96889
760.0	0.96761
760.2	0.96572
760.4	0.96608
760.6	0.96644
760.8	0.96921
761.0	0.96918
761.2	0.96832
761.4	0.96419
761.6	0.9662
761.8	0.97171
762.0	0.96907
762.2	0.9709
762.4	0.97173
762.6	0.96824
762.8	0.97151
763.0	0.96888
763.2	0.96847
763.4	0.96939
763.6	0.96955
763.8	0.96865
764.0	0.96755
764.2	0.9719
764.4	0.96983
764.6	0.97217
764.8	0.97271
765.0	0.97116
765.2	0.96915
765.4	0.96685
765.6	0.96417
765.8	0.96588
766.0	0.96999
766.2	0.97103
766.4	0.97333
766.6	0.97059
766.8	0.97184
767.0	0.9739
767.2	0.97371
767.4	0.96922
767.6	0.96868
767.8	0.96982
768.0	0.97009
768.2	0.97448
768.4	0.96966
768.6	0.97166
768.8	0.97193
769.0	0.97042
769.2	0.97179
769.4	0.97093
769.6	0.96976
769.8	0.97185
770.0	0.97112
770.2	0.97199
770.4	0.97054
770.6	0.97071
770.8	0.96986
771.0	0.97149
771.2	0.96759
771.4	0.96987
771.6	0.9721
771.8	0.96884
772.0	0.96795
772.2	0.97342
772.4	0.96945
772.6	0.97001
772.8	0.97094
773.0	0.96737
773.2	0.97278
773.4	0.96889
773.6	0.97031
773.8	0.96839
774.0	0.97018
774.2	0.97194
774.4	0.97349
774.6	0.97014
774.8	0.97067
775.0	0.97041
775.2	0.96911
775.4	0.96994
775.6	0.97466
775.8	0.97215
776.0	0.97086
776.2	0.96846
776.4	0.97019
776.6	0.96907
776.8	0.97146
777.0	0.97033
777.2	0.96577
777.4	0.96967
777.6	0.97241
777.8	0.97201
778.0	0.9729
778.2	0.96956
778.4	0.9688
778.6	0.9707
778.8	0.97148
779.0	0.96674
779.2	0.96428
779.4	0.9636
779.6	0.96694
779.8	0.97023
780.0	0.9695
780.2	0.97218
780.4	0.96919
780.6	0.96724
780.8	0.96897
781.0	0.97146
781.2	0.96877
781.4	0.97313
781.6	0.96967
781.8	0.97042
782.0	0.96973
782.2	0.97022
782.4	0.96901
782.6	0.9707
782.8	0.9731
783.0	0.9742
783.2	0.97218
783.4	0.97249
783.6	0.96847
783.8	0.96707
784.0	0.97029
784.2	0.96596
784.4	0.96618
784.6	0.96857
784.8	0.96598
785.0	0.96544
785.2	0.96733
785.4	0.96505
785.6	0.9707
785.8	0.97046
786.0	0.96671
786.2	0.96987
786.4	0.97077
786.6	0.9716
786.8	0.96996
787.0	0.97134
787.2	0.97034
787.4	0.9649
787.6	0.9689
787.8	0.96924
788.0	0.96982
788.2	0.96647
788.4	0.96714
788.6	0.96526
788.8	0.96702
789.0	0.96521
789.2	0.96078
789.4	0.96384
789.6	0.96873
789.8	0.9655
790.0	0.96696
790.2	0.96785
790.4	0.96357
790.6	0.96886
790.8	0.96817
791.0	0.96653
791.2	0.96896
791.4	0.9699
791.6	0.9692
791.8	0.96849
792.0	0.96828
792.2	0.96458
792.4	0.96328
792.6	0.97016
792.8	0.96492
793.0	0.9677
793.2	0.96867
793.4	0.96922
793.6	0.96675
793.8	0.96748
794.0	0.96981
794.2	0.96792
794.4	0.96633
794.6	0.96418
794.8	0.96567
795.0	0.9664
795.2	0.96805
795.4	0.96872
795.6	0.96841
795.8	0.96768
796.0	0.96958
796.2	0.96887
796.4	0.96838
796.6	0.96856
796.8	0.9707
797.0	0.97347
797.2	0.97002
797.4	0.97024
797.6	0.97092
797.8	0.96864
798.0	0.97091
798.2	0.97107
798.4	0.96824
798.6	0.96874
798.8	0.96558
799.0	0.97367
799.2	0.97321
799.4	0.9737
799.6	0.97369
799.8	0.97391
800.0	0.97087
800.2	0.97125
800.4	0.97409
800.6	0.97418
800.8	0.97215
801.0	0.97055
801.2	0.97012
801.4	0.96959
801.6	0.97117
801.8	0.97199
802.0	0.97537
802.2	0.97413
802.4	0.97273
802.6	0.97244
802.8	0.97249
803.0	0.96772
803.2	0.96986
803.4	0.97159
803.6	0.97005
803.8	0.97153
804.0	0.9711
804.2	0.97012
804.4	0.96879
804.6	0.97309
804.8	0.97053
805.0	0.96966
805.2	0.97152
805.4	0.97172
805.6	0.97061
805.8	0.96668
806.0	0.97051
806.2	0.97382
806.4	0.97513
806.6	0.9714
806.8	0.9704
807.0	0.96868
807.2	0.97117
807.4	0.96882
807.6	0.96484
807.8	0.96831
808.0	0.96529
808.2	0.96389
808.4	0.96514
808.6	0.96365
808.8	0.96499
809.0	0.96197
809.2	0.9654
809.4	0.96743
809.6	0.96672
809.8	0.96754
810.0	0.96726
810.2	0.96269
810.4	0.96209
810.6	0.96673
810.8	0.96305
811.0	0.96391
811.2	0.96345
811.4	0.96576
811.6	0.96853
811.8	0.96665
812.0	0.96531
812.2	0.96588
812.4	0.96813
812.6	0.96781
812.8	0.97168
813.0	0.96644
813.2	0.9697
813.4	0.96637
813.6	0.9655
813.8	0.96862
814.0	0.96953
814.2	0.96634
814.4	0.96896
814.6	0.96647
814.8	0.96997
815.0	0.96884
815.2	0.96426
815.4	0.96608
815.6	0.9675
815.8	0.969
816.0	0.97481
816.2	0.97412
816.4	0.97236
816.6	0.97199
816.8	0.97051
817.0	0.97128
817.2	0.96761
817.4	0.9671
817.6	0.96968
817.8	0.97312
818.0	0.96853
818.2	0.97135
818.4	0.9727
818.6	0.96931
818.8	0.96767
819.0	0.96904
819.2	0.97129
819.4	0.96916
819.6	0.96836
819.8	0.96872
820.0	0.96829
820.2	0.97202
820.4	0.97272
820.6	0.9717
820.8	0.97002
821.0	0.96965
821.2	0.96782
821.4	0.97119
821.6	0.9715
821.8	0.97128
822.0	0.97078
822.2	0.97067
822.4	0.97119
822.6	0.97366
822.8	0.97284
823.0	0.97093
823.2	0.96833
823.4	0.97311
823.6	0.9712
823.8	0.96746
824.0	0.97112
824.2	0.97327
824.4	0.97171
824.6	0.96792
824.8	0.96923
825.0	0.97014
825.2	0.97018
825.4	0.96884
825.6	0.96894
825.8	0.96538
826.0	0.9672
826.2	0.96878
826.4	0.96864
826.6	0.9688
826.8	0.96731
827.0	0.96256
827.2	0.96503
827.4	0.97209
827.6	0.96867
827.8	0.96666
828.0	0.97112
828.2	0.9654
828.4	0.96746
828.6	0.96643
828.8	0.96554
829.0	0.96163
829.2	0.96318
829.4	0.96557
829.6	0.96656
829.8	0.96633
830.0	0.96659
830.2	0.96452
830.4	0.96558
830.6	0.9665
830.8	0.96913
831.0	0.96702
831.2	0.96733
831.4	0.96452
831.6	0.96454
831.8	0.96707
832.0	0.96379
832.2	0.9634
832.4	0.96594
832.6	0.96563
832.8	0.96268
833.0	0.9658
833.2	0.97147
833.4	0.96872
833.6	0.96826
833.8	0.96302
834.0	0.96313
834.2	0.96235
834.4	0.96728
834.6	0.96778
834.8	0.96621
835.0	0.96988
835.2	0.9692
835.4	0.96687
835.6	0.96661
835.8	0.96614
836.0	0.96776
836.2	0.97408
836.4	0.97215
836.6	0.97194
836.8	0.96868
837.0	0.96894
837.2	0.97239
837.4	0.96873
837.6	0.96844
837.8	0.96933
838.0	0.96829
838.2	0.97562
838.4	0.96929
838.6	0.9646
838.8	0.96871
839.0	0.9693
839.2	0.96785
839.4	0.9714
839.6	0.97245
839.8	0.97091
840.0	0.9728
840.2	0.97059
840.4	0.96663
840.6	0.97057
840.8	0.97153
841.0	0.96995
841.2	0.96887
841.4	0.97188
841.6	0.97338
841.8	0.97196
842.0	0.9712
842.2	0.96869
842.4	0.96833
842.6	0.96282
842.8	0.96402
843.0	0.96597
843.2	0.96666
843.4	0.96787
843.6	0.96541
843.8	0.96592
844.0	0.96793
844.2	0.96508
844.4	0.96018
844.6	0.96142
844.8	0.96711
845.0	0.96554
845.2	0.966
845.4	0.96478
845.6	0.96632
845.8	0.96816
846.0	0.96236
846.2	0.96317
846.4	0.96559
846.6	0.96797
846.8	0.96348
847.0	0.96529
847.2	0.96525
847.4	0.96702
847.6	0.96747
847.8	0.96823
848.0	0.96774
848.2	0.96746
848.4	0.97111
848.6	0.97203
848.8	0.96632
849.0	0.96515
849.2	0.97025
849.4	0.9653
849.6	0.96113
849.8	0.96299
850.0	0.9685
850.2	0.96468
850.4	0.96192
850.6	0.96518
850.8	0.96542
851.0	0.96439
851.2	0.96628
851.4	0.96721
851.6	0.97004
851.8	0.97267
852.0	0.96798
852.2	0.96483
852.4	0.96564
852.6	0.96261
852.8	0.96883
853.0	0.96988
853.2	0.96693
853.4	0.968
853.6	0.96743
853.8	0.96645
854.0	0.9699
854.2	0.96603
854.4	0.96609
854.6	0.96536
854.8	0.96439
855.0	0.9649
855.2	0.96707
855.4	0.97066
855.6	0.96829
855.8	0.96695
856.0	0.96658
856.2	0.9649
856.4	0.96994
856.6	0.96883
856.8	0.97146
857.0	0.96932
857.2	0.97051
857.4	0.96542
857.6	0.97336
857.8	0.97379
858.0	0.96712
858.2	0.9629
858.4	0.96627
858.6	0.96897
858.8	0.96932
859.0	0.96859
859.2	0.96939
859.4	0.96797
859.6	0.96679
859.8	0.96956
860.0	0.96921
860.2	0.97556
860.4	0.97446
860.6	0.97316
860.8	0.96904
861.0	0.96718
861.2	0.96843
861.4	0.97243
861.6	0.96632
861.8	0.9709
862.0	0.97041
862.2	0.97098
862.4	0.9704
862.6	0.97489
862.8	0.9663
863.0	0.97152
863.2	0.9723
863.4	0.97585
863.6	0.9733
863.8	0.97139
864.0	0.96531
864.2	0.96335
864.4	0.97071
864.6	0.97061
864.8	0.96622
865.0	0.96742
865.2	0.96482
865.4	0.96623
865.6	0.96609
865.8	0.96469
866.0	0.96934
866.2	0.96982
866.4	0.96712
866.6	0.96887
866.8	0.96469
867.0	0.96283
867.2	0.96537
867.4	0.96504
867.6	0.96262
867.8	0.96439
868.0	0.96666
868.2	0.96518
868.4	0.96631
868.6	0.9652
868.8	0.96702
869.0	0.96319
869.2	0.96526
869.4	0.96796
869.6	0.96849
869.8	0.96886
870.0	0.96144
870.2	0.96513
870.4	0.96656
870.6	0.96846
870.8	0.96302
871.0	0.96344
871.2	0.9682
871.4	0.96629
871.6	0.96415
871.8	0.96831
872.0	0.96798
872.2	0.96708
872.4	0.96871
872.6	0.96962
872.8	0.96883
873.0	0.97071
873.2	0.97132
873.4	0.97182
873.6	0.97044
873.8	0.97068
874.0	0.96663
874.2	0.95997
874.4	0.96145
874.6	0.9665
874.8	0.96552
875.0	0.96505
875.2	0.96803
875.4	0.96715
875.6	0.97215
875.8	0.97123
876.0	0.97047
876.2	0.96909
876.4	0.9705
876.6	0.97143
876.8	0.97178
877.0	0.9716
877.2	0.97275
877.4	0.9668
877.6	0.96568
877.8	0.9698
878.0	0.97202
878.2	0.97348
878.4	0.97119
878.6	0.97368
878.8	0.97195
879.0	0.96771
879.2	0.96926
879.4	0.97026
879.6	0.97147
879.8	0.96599
880.0	0.9647
880.2	0.96902
880.4	0.96802
880.6	0.96689
880.8	0.96469
881.0	0.97023
881.2	0.9716
881.4	0.96971
881.6	0.96823
881.8	0.9704
882.0	0.96802
882.2	0.96341
882.4	0.9674
882.6	0.9652
882.8	0.96691
883.0	0.96846
883.2	0.96242
883.4	0.9639
883.6	0.96775
883.8	0.96913
884.0	0.97086
884.2	0.96791
884.4	0.97028
884.6	0.96748
884.8	0.96981
885.0	0.96848
885.2	0.96842
885.4	0.96648
885.6	0.96117
885.8	0.9646
886.0	0.96952
886.2	0.97057
886.4	0.97329
886.6	0.96712
886.8	0.96722
887.0	0.96692
887.2	0.96866
887.4	0.96289
887.6	0.9639
887.8	0.96356
888.0	0.9649
888.2	0.96821
888.4	0.97008
888.6	0.96605
888.8	0.96917
889.0	0.96471
889.2	0.96209
889.4	0.96346
889.6	0.96427
889.8	0.96488
890.0	0.96592
890.2	0.96617
890.4	0.96504
890.6	0.96319
890.8	0.96646
891.0	0.96325
891.2	0.96403
891.4	0.96444
891.6	0.96786
891.8	0.9657
892.0	0.96714
892.2	0.96945
892.4	0.96711
892.6	0.96633
892.8	0.9688
893.0	0.96948
893.2	0.97062
893.4	0.96596
893.6	0.96548
893.8	0.96762
894.0	0.96973
894.2	0.97256
894.4	0.9759
894.6	0.96831
894.8	0.97091
895.0	0.97031
895.2	0.96992
895.4	0.96915
895.6	0.96972
895.8	0.97069
896.0	0.97408
896.2	0.97725
896.4	0.97652
896.6	0.97194
896.8	0.97241
897.0	0.9684
897.2	0.96522
897.4	0.96899
897.6	0.97076
897.8	0.9701
898.0	0.96904
898.2	0.97282
898.4	0.97448
898.6	0.97328
898.8	0.97476
899.0	0.97322
899.2	0.9774
899.4	0.97208
899.6	0.97629
899.8	0.97933
900.0	0.97681
900.2	0.97374
900.4	0.97189
900.6	0.97182
900.8	0.97363
901.0	0.97634
901.2	0.98295
901.4	0.97989
901.6	0.97613
901.8	0.97345
902.0	0.97274
902.2	0.97388
902.4	0.97755
902.6	0.97426
902.8	0.9753
903.0	0.97682
903.2	0.97189
903.4	0.97375
903.6	0.97677
903.8	0.97641
904.0	0.97236
904.2	0.96953
904.4	0.97065
904.6	0.97044
904.8	0.97176
905.0	0.97564
905.2	0.97788
905.4	0.97612
905.6	0.97239
905.8	0.97167
906.0	0.96929
906.2	0.96764
906.4	0.97214
906.6	0.97223
906.8	0.97168
907.0	0.97157
907.2	0.97147
907.4	0.97415
907.6	0.97314
907.8	0.9754
908.0	0.97219
908.2	0.96749
908.4	0.97253
908.6	0.97341
908.8	0.97287
909.0	0.97111
909.2	0.97112
909.4	0.96923
909.6	0.97265
909.8	0.97194
910.0	0.97185
910.2	0.97871
910.4	0.97179
910.6	0.96832
910.8	0.96987
911.0	0.96929
911.2	0.97442
911.4	0.97159
911.6	0.97079
911.8	0.96916
912.0	0.96665
912.2	0.96638
912.4	0.96439
912.6	0.9712
912.8	0.97454
913.0	0.97248
913.2	0.96914
913.4	0.96623
913.6	0.96562
913.8	0.96501
914.0	0.96569
914.2	0.97089
914.4	0.97405
914.6	0.97412
914.8	0.97049
915.0	0.97456
915.2	0.97863
915.4	0.97546
915.6	0.97384
915.8	0.97495
916.0	0.97235
916.2	0.97301
916.4	0.97534
916.6	0.97059
916.8	0.97256
917.0	0.97414
917.2	0.97032
917.4	0.97222
917.6	0.97158
917.8	0.97268
918.0	0.97584
918.2	0.97728
918.4	0.97394
918.6	0.96919
918.8	0.96867
919.0	0.9671
919.2	0.96639
919.4	0.96558
919.6	0.96786
919.8	0.9702
920.0	0.97714
920.2	0.97795
920.4	0.96809
920.6	0.9644
920.8	0.96401
921.0	0.96799
921.2	0.96715
921.4	0.96886
921.6	0.97559
921.8	0.97061
922.0	0.96919
922.2	0.97039
922.4	0.96901
922.6	0.9699
922.8	0.96856
923.0	0.97011
923.2	0.97319
923.4	0.97316
923.6	0.97175
923.8	0.96871
924.0	0.9698
924.2	0.97244
924.4	0.96991
924.6	0.96917
924.8	0.96869
925.0	0.97114
925.2	0.97407
925.4	0.97335
925.6	0.97319
925.8	0.97402
926.0	0.96856
926.2	0.9667
926.4	0.97264
926.6	0.97079
926.8	0.96727
927.0	0.97012
927.2	0.97922
927.4	0.97518
927.6	0.96962
927.8	0.97202
928.0	0.97317
928.2	0.97104
928.4	0.96655
928.6	0.96813
928.8	0.96982
929.0	0.9709
929.2	0.97089
929.4	0.9703
929.6	0.96405
929.8	0.96353
930.0	0.96842
930.2	0.96923
930.4	0.97059
930.6	0.97338
930.8	0.97045
931.0	0.96422
931.2	0.97154
931.4	0.97291
931.6	0.97231
931.8	0.96592
932.0	0.96625
932.2	0.9675
932.4	0.9667
932.6	0.96669
932.8	0.9689
933.0	0.96972
933.2	0.97007
933.4	0.9665
933.6	0.96403
933.8	0.97087
934.0	0.97048
934.2	0.97662
934.4	0.96955
934.6	0.9693
934.8	0.96884
935.0	0.9688
935.2	0.96985
935.4	0.97328
935.6	0.96346
935.8	0.97249
936.0	0.97785
936.2	0.9812
936.4	0.9764
936.6	0.97833
936.8	0.97831
937.0	0.98076
937.2	0.98028
937.4	0.97428
937.6	0.97342
937.8	0.97457
938.0	0.97307
938.2	0.97217
938.4	0.96981
938.6	0.97536
938.8	0.97738
939.0	0.97753
939.2	0.98022
939.4	0.98066
939.6	0.98092
939.8	0.9791
940.0	0.97972
940.2	0.98275
940.4	0.97567
940.6	0.97609
940.8	0.97983
941.0	0.98013
941.2	0.97588
941.4	0.97646
941.6	0.97472
941.8	0.97126
942.0	0.97436
942.2	0.97451
942.4	0.97238
942.6	0.97612
942.8	0.97607
943.0	0.97249
943.2	0.97525
943.4	0.97478
943.6	0.97068
943.8	0.9703
944.0	0.96958
944.2	0.97338
944.4	0.97417
944.6	0.97494
944.8	0.97293
945.0	0.9684
945.2	0.96863
945.4	0.97518
945.6	0.97313
945.8	0.97138
946.0	0.97931
946.2	0.97368
946.4	0.9744
946.6	0.9717
946.8	0.97487
947.0	0.97917
947.2	0.97872
947.4	0.97765
947.6	0.97771
947.8	0.97379
948.0	0.97572
948.2	0.9713
948.4	0.97025
948.6	0.97705
948.8	0.97478
949.0	0.97114
949.2	0.97062
949.4	0.97491
949.6	0.96741
949.8	0.96438
950.0	0.97142
950.2	0.96309
950.4	0.96425
950.6	0.96932
950.8	0.97488
951.0	0.97668
951.2	0.97489
951.4	0.97216
951.6	0.97412
951.8	0.97411
952.0	0.97177
952.2	0.97484
952.4	0.96899
952.6	0.96392
952.8	0.97073
953.0	0.97186
953.2	0.9717
953.4	0.96489
953.6	0.96692
953.8	0.96502
954.0	0.9672
954.2	0.96943
954.4	0.97093
954.6	0.9662
954.8	0.96942
955.0	0.96454
955.2	0.96561
955.4	0.96217
955.6	0.96517
955.8	0.96463
956.0	0.96003
956.2	0.96527
956.4	0.96526
956.6	0.96418
956.8	0.95983
957.0	0.96008
957.2	0.95656
957.4	0.9545
957.6	0.95755
957.8	0.95487
958.0	0.96043
958.2	0.95709
958.4	0.95691
958.6	0.95722
958.8	0.95943
959.0	0.95187
959.2	0.94783
959.4	0.94761
959.6	0.95071
959.8	0.95164
960.0	0.94687