340.0	0.00179
340.2	0.00164
340.4	0.00156
340.6	0.00159
340.8	0.00152
341.0	0.00145
341.2	0.00146
341.4	0.00145
341.6	0.00141
341.8	0.00139
342.0	0.00132
342.2	0.0013
342.4	0.00131
342.6	0.0014
342.8	0.00172
343.0	0.00235
343.2	0.00313
343.4	0.00376
343.6	0.00415
343.8	0.00422
344.0	0.00418
344.2	0.00379
344.4	0.0032
344.6	0.0023
344.8	0.00178
345.0	0.00137
345.2	0.00113
345.4	0.00115
345.6	0.00111
345.8	0.00101
346.0	0.00107
346.2	0.0011
346.4	0.00112
346.6	0.00123
346.8	0.00147
347.0	0.00193
347.2	0.00332
347.4	0.00774
347.6	0.01592
347.8	0.02476
348.0	0.03142
348.2	0.03576
348.4	0.03767
348.6	0.037
348.8	0.0338
349.0	0.02673
349.2	0.018
349.4	0.01184
349.6	0.00937
349.8	0.00944
350.0	0.01119
350.2	0.01353
350.4	0.01637
350.6	0.01874
350.8	0.02076
351.0	0.02193
351.2	0.02279
351.4	0.02289
351.6	0.02256
351.8	0.02265
352.0	0.02345
352.2	0.02425
352.4	0.02539
352.6	0.02672
352.8	0.02679
353.0	0.02622
353.2	0.02512
353.4	0.02246
353.6	0.01971
353.8	0.01625
354.0	0.01347
354.2	0.01117
354.4	0.00981
354.6	0.00919
354.8	0.00902
355.0	0.00921
355.2	0.00992
355.4	0.01051
355.6	0.0111
355.8	0.01145
356.0	0.01135
356.2	0.01093
356.4	0.01031
356.6	0.00923
356.8	0.00806
357.0	0.00697
357.2	0.00603
357.4	0.0054
357.6	0.00507
357.8	0.00495
358.0	0.00508
358.2	0.0053
358.4	0.00581
358.6	0.00682
358.8	0.00775
359.0	0.00855
359.2	0.00932
359.4	0.00975
359.6	0.00966
359.8	0.00982
360.0	0.00939
360.2	0.00861
360.4	0.00776
360.6	0.00698
360.8	0.00651
361.0	0.00609
361.2	0.00618
361.4	0.00669
361.6	0.00746
361.8	0.00841
362.0	0.00982
362.2	0.01085
362.4	0.0121
362.6	0.01251
362.8	0.01288
363.0	0.0129
363.2	0.01241
363.4	0.01151
363.6	0.01022
363.8	0.00954
364.0	0.00852
364.2	0.00825
364.4	0.00827
364.6	0.00889
364.8	0.00998
365.0	0.01122
365.2	0.0126
365.4	0.01407
365.6	0.01516
365.8	0.01655
366.0	0.01728
366.2	0.01729
366.4	0.01701
366.6	0.0161
366.8	0.01506
367.0	0.01405
367.2	0.01309
367.4	0.01227
367.6	0.0122
367.8	0.01236
368.0	0.01318
368.2	0.01467
368.4	0.01622
368.6	0.01829
368.8	0.02016
369.0	0.02151
369.2	0.0222
369.4	0.02262
369.6	0.02168
369.8	0.02062
370.0	0.01902
370.2	0.01685
370.4	0.01466
370.6	0.01296
370.8	0.01168
371.0	0.01094
371.2	0.011
371.4	0.01126
371.6	0.01196
371.8	0.01294
372.0	0.01395
372.2	0.0147
372.4	0.01527
372.6	0.01539
372.8	0.01513
373.0	0.01432
373.2	0.01316
373.4	0.01185
373.6	0.01034
373.8	0.00903
374.0	0.00794
374.2	0.00747
374.4	0.00697
374.6	0.00704
374.8	0.00716
375.0	0.00749
375.2	0.008
375.4	0.00871
375.6	0.00953
375.8	0.01053
376.0	0.01138
376.2	0.01206
376.4	0.01256
376.6	0.01287
376.8	0.01299
377.0	0.01282
377.2	0.01245
377.4	0.01192
377.6	0.01135
377.8	0.01068
378.0	0.01014
378.2	0.00978
378.4	0.00981
378.6	0.00986
378.8	0.01059
379.0	0.01159
379.2	0.01272
379.4	0.01431
379.6	0.01556
379.8	0.017
380.0	0.01787
380.2	0.01845
380.4	0.0179
380.6	0.0173
380.8	0.01627
381.0	0.01478
381.2	0.01327
381.4	0.01174
381.6	0.01049
381.8	0.0096
382.0	0.00917
382.2	0.00902
382.4	0.00938
382.6	0.01002
382.8	0.01107
383.0	0.01209
383.2	0.0133
383.4	0.01432
383.6	0.01517
383.8	0.01565
384.0	0.01566
384.2	0.01532
384.4	0.0147
384.6	0.01366
384.8	0.01239
385.0	0.01116
385.2	0.01006
385.4	0.00934
385.6	0.00893
385.8	0.00892
386.0	0.00918
386.2	0.00983
386.4	0.01075
386.6	0.01175
386.8	0.0125
387.0	0.01326
387.2	0.01362
387.4	0.01343
387.6	0.01309
387.8	0.01219
388.0	0.01098
388.2	0.00966
388.4	0.0082
388.6	0.00677
388.8	0.00567
389.0	0.00486
389.2	0.00408
389.4	0.00367
389.6	0.00342
389.8	0.00326
390.0	0.00324
390.2	0.00336
390.4	0.00341
390.6	0.00347
390.8	0.00364
391.0	0.00369
391.2	0.00383
391.4	0.00385
391.6	0.00374
391.8	0.00356
392.0	0.00384
392.2	0.00385
392.4	0.00338
392.6	0.00307
392.8	0.00265
393.0	0.00242
393.2	0.00203
393.4	0.00183
393.6	0.00159
393.8	0.00163
394.0	0.00158
394.2	0.0015
394.4	0.00145
394.6	0.00148
394.8	0.00134
395.0	0.0016
395.2	0.00177
395.4	0.00174
395.6	0.00186
395.8	0.00227
396.0	0.00253
396.2	0.00271
396.4	0.00299
396.6	0.00312
396.8	0.00322
397.0	0.00331
397.2	0.00337
397.4	0.00348
397.6	0.00326
397.8	0.00302
398.0	0.00289
398.2	0.00276
398.4	0.00257
398.6	0.00251
398.8	0.00242
399.0	0.00243
399.2	0.00242
399.4	0.0025
399.6	0.00272
399.8	0.00271
400.0	0.00294
400.2	0.00324
400.4	0.00366
400.6	0.00417
400.8	0.0047
401.0	0.00527
401.2	0.00614
401.4	0.00691
401.6	0.0075
401.8	0.00794
402.0	0.00833
402.2	0.00841
402.4	0.00831
402.6	0.00803
402.8	0.00766
403.0	0.00717
403.2	0.0067
403.4	0.0062
403.6	0.00576
403.8	0.00551
404.0	0.00542
404.2	0.00552
404.4	0.00582
404.6	0.00621
404.8	0.00688
405.0	0.00779
405.2	0.00875
405.4	0.0101
405.6	0.01139
405.8	0.01243
406.0	0.01385
406.2	0.01461
406.4	0.01514
406.6	0.01544
406.8	0.01521
407.0	0.01469
407.2	0.01398
407.4	0.01306
407.6	0.0121
407.8	0.01124
408.0	0.0106
408.2	0.01025
408.4	0.00991
408.6	0.01008
408.8	0.01053
409.0	0.01172
409.2	0.01336
409.4	0.01584
409.6	0.01897
409.8	0.02242
410.0	0.02618
410.2	0.02932
410.4	0.03192
410.6	0.03333
410.8	0.03376
411.0	0.03319
411.2	0.03163
411.4	0.02923
411.6	0.02593
411.8	0.02223
412.0	0.0189
412.2	0.01555
412.4	0.01307
412.6	0.01106
412.8	0.00975
413.0	0.00869
413.2	0.00813
413.4	0.00785
413.6	0.0077
413.8	0.00783
414.0	0.00802
414.2	0.00858
414.4	0.0092
414.6	0.01015
414.8	0.01138
415.0	0.0129
415.2	0.01463
415.4	0.01689
415.6	0.01916
415.8	0.02166
416.0	0.02413
416.2	0.02621
416.4	0.02798
416.6	0.02947
416.8	0.03039
417.0	0.03079
417.2	0.03044
417.4	0.03013
417.6	0.0292
417.8	0.0283
418.0	0.02737
418.2	0.02652
418.4	0.02576
418.6	0.02525
418.8	0.02506
419.0	0.02517
419.2	0.02512
419.4	0.0255
419.6	0.02581
419.8	0.02649
420.0	0.02703
420.2	0.02738
420.4	0.02801
420.6	0.02806
420.8	0.02812
421.0	0.02803
421.2	0.02777
421.4	0.02736
421.6	0.02681
421.8	0.02629
422.0	0.02564
422.2	0.02507
422.4	0.02451
422.6	0.02395
422.8	0.02366
423.0	0.02321
423.2	0.02324
423.4	0.02328
423.6	0.02329
423.8	0.02362
424.0	0.02411
424.2	0.02465
424.4	0.02556
424.6	0.02645
424.8	0.02732
425.0	0.02826
425.2	0.02935
425.4	0.03044
425.6	0.03129
425.8	0.0321
426.0	0.03264
426.2	0.03308
426.4	0.03304
426.6	0.03274
426.8	0.03197
427.0	0.03138
427.2	0.03076
427.4	0.02945
427.6	0.02792
427.8	0.02658
428.0	0.02486
428.2	0.02337
428.4	0.02182
428.6	0.02042
428.8	0.01909
429.0	0.01801
429.2	0.01704
429.4	0.01618
429.6	0.01551
429.8	0.01489
430.0	0.01457
430.2	0.01426
430.4	0.014
430.6	0.01402
430.8	0.01395
431.0	0.01397
431.2	0.01409
431.4	0.01409
431.6	0.01418
431.8	0.01431
432.0	0.01423
432.2	0.01405
432.4	0.01378
432.6	0.0136
432.8	0.01327
433.0	0.01287
433.2	0.01226
433.4	0.01169
433.6	0.01107
433.8	0.01047
434.0	0.00984
434.2	0.00934
434.4	0.00874
434.6	0.00827
434.8	0.00789
435.0	0.00755
435.2	0.00729
435.4	0.00709
435.6	0.00691
435.8	0.00689
436.0	0.00684
436.2	0.00687
436.4	0.00697
436.6	0.00709
436.8	0.00717
437.0	0.00738
437.2	0.00746
437.4	0.00768
437.6	0.0077
437.8	0.00764
438.0	0.00768
438.2	0.00756
438.4	0.00748
438.6	0.00726
438.8	0.00706
439.0	0.00674
439.2	0.00648
439.4	0.00619
439.6	0.00587
439.8	0.00555
440.0	0.00534
440.2	0.00497
440.4	0.00468
440.6	0.00452
440.8	0.0043
441.0	0.00411
441.2	0.00405
441.4	0.00397
441.6	0.00385
441.8	0.00388
442.0	0.00385
442.2	0.00385
442.4	0.00394
442.6	0.00397
442.8	0.00404
443.0	0.00411
443.2	0.00434
443.4	0.00439
443.6	0.0045
443.8	0.0047
444.0	0.00483
444.2	0.00488
444.4	0.00496
444.6	0.00503
444.8	0.00512
445.0	0.00504
445.2	0.00502
445.4	0.00494
445.6	0.00488
445.8	0.00484
446.0	0.00466
446.2	0.00454
446.4	0.00446
446.6	0.00432
446.8	0.00411
447.0	0.00412
447.2	0.00405
447.4	0.00395
447.6	0.00392
447.8	0.00388
448.0	0.00388
448.2	0.0039
448.4	0.00398
448.6	0.00405
448.8	0.0042
449.0	0.0043
449.2	0.0045
449.4	0.00475
449.6	0.005
449.8	0.00534
450.0	0.00572
450.2	0.0061
450.4	0.00651
450.6	0.00691
450.8	0.00742
451.0	0.00788
451.2	0.00839
451.4	0.00878
451.6	0.00918
451.8	0.00952
452.0	0.00982
452.2	0.01013
452.4	0.01023
452.6	0.01043
452.8	0.01041
453.0	0.01055
453.2	0.01052
453.4	0.01044
453.6	0.01045
453.8	0.01035
454.0	0.0103
454.2	0.01036
454.4	0.01042
454.6	0.01053
454.8	0.01076
455.0	0.01102
455.2	0.0113
455.4	0.01179
455.6	0.01225
455.8	0.01293
456.0	0.01361
456.2	0.0144
456.4	0.01532
456.6	0.01622
456.8	0.0172
457.0	0.01825
457.2	0.01918
457.4	0.02016
457.6	0.02094
457.8	0.02168
458.0	0.02217
458.2	0.0224
458.4	0.02263
458.6	0.02244
458.8	0.02208
459.0	0.02166
459.2	0.0209
459.4	0.02009
459.6	0.01912
459.8	0.0183
460.0	0.0173
460.2	0.01629
460.4	0.01534
460.6	0.01454
460.8	0.01382
461.0	0.01308
461.2	0.01256
461.4	0.01211
461.6	0.01171
461.8	0.01139
462.0	0.0113
462.2	0.01108
462.4	0.01097
462.6	0.01089
462.8	0.01088
463.0	0.01093
463.2	0.01088
463.4	0.01094
463.6	0.01097
463.8	0.011
464.0	0.011
464.2	0.01086
464.4	0.01072
464.6	0.01065
464.8	0.01042
465.0	0.01008
465.2	0.00972
465.4	0.00934
465.6	0.00891
465.8	0.00849
466.0	0.00796
466.2	0.00762
466.4	0.00706
466.6	0.0066
466.8	0.00616
467.0	0.00577
467.2	0.00538
467.4	0.00504
467.6	0.00476
467.8	0.00447
468.0	0.00427
468.2	0.00409
468.4	0.0039
468.6	0.00383
468.8	0.00365
469.0	0.00362
469.2	0.00349
469.4	0.00353
469.6	0.00351
469.8	0.0036
470.0	0.00364
470.2	0.00364
470.4	0.00383
470.6	0.00399
470.8	0.00409
471.0	0.00423
471.2	0.00438
471.4	0.00452
471.6	0.00462
471.8	0.00478
472.0	0.00485
472.2	0.00494
472.4	0.00501
472.6	0.00505
472.8	0.00512
473.0	0.00508
473.2	0.00496
473.4	0.00493
473.6	0.0048
473.8	0.0047
474.0	0.00453
474.2	0.00442
474.4	0.00422
474.6	0.00408
474.8	0.00395
475.0	0.00377
475.2	0.00364
475.4	0.00352
475.6	0.00343
475.8	0.00329
476.0	0.00325
476.2	0.00312
476.4	0.00306
476.6	0.00305
476.8	0.00306
477.0	0.00311
477.2	0.00321
477.4	0.00329
477.6	0.00344
477.8	0.0037
478.0	0.00395
478.2	0.00429
478.4	0.00464
478.6	0.005
478.8	0.00543
479.0	0.00586
479.2	0.00635
479.4	0.00689
479.6	0.00743
479.8	0.00803
480.0	0.00869
480.2	0.00925
480.4	0.00989
480.6	0.01057
480.8	0.01112
481.0	0.01166
481.2	0.01213
481.4	0.01253
481.6	0.01279
481.8	0.01305
482.0	0.01317
482.2	0.01305
482.4	0.01291
482.6	0.01262
482.8	0.01247
483.0	0.01196
483.2	0.01164
483.4	0.01117
483.6	0.01085
483.8	0.01061
484.0	0.01042
484.2	0.01026
484.4	0.01025
484.6	0.01032
484.8	0.01038
485.0	0.01072
485.2	0.01097
485.4	0.01136
485.6	0.01179
485.8	0.0123
486.0	0.01278
486.2	0.01315
486.4	0.01354
486.6	0.01381
486.8	0.01385
487.0	0.01382
487.2	0.01359
487.4	0.01326
487.6	0.0127
487.8	0.01203
488.0	0.01135
488.2	0.01048
488.4	0.00962
488.6	0.00872
488.8	0.00779
489.0	0.00698
489.2	0.00631
489.4	0.00565
489.6	0.00514
489.8	0.00458
490.0	0.00416
490.2	0.00386
490.4	0.0036
490.6	0.00337
490.8	0.00318
491.0	0.00305
491.2	0.00292
491.4	0.00291
491.6	0.00284
491.8	0.00282
492.0	0.00278
492.2	0.00281
492.4	0.00283
492.6	0.0029
492.8	0.00295
493.0	0.00311
493.2	0.00319
493.4	0.00334
493.6	0.00349
493.8	0.00369
494.0	0.0039
494.2	0.00417
494.4	0.00447
494.6	0.00468
494.8	0.00499
495.0	0.00525
495.2	0.0055
495.4	0.00573
495.6	0.00599
495.8	0.00612
496.0	0.0063
496.2	0.00636
496.4	0.00643
496.6	0.00642
496.8	0.00632
497.0	0.0062
497.2	0.00609
497.4	0.00587
497.6	0.00567
497.8	0.00547
498.0	0.00523
498.2	0.00503
498.4	0.00486
498.6	0.00468
498.8	0.0045
499.0	0.00437
499.2	0.00428
499.4	0.00419
499.6	0.0041
499.8	0.00411
500.0	0.0041
500.2	0.0041
500.4	0.00416
500.6	0.00425
500.8	0.00442
501.0	0.00462
501.2	0.00478
501.4	0.00506
501.6	0.00543
501.8	0.00574
502.0	0.00613
502.2	0.00674
502.4	0.00727
502.6	0.00795
502.8	0.00876
503.0	0.00967
503.2	0.01071
503.4	0.01196
503.6	0.01327
503.8	0.01487
504.0	0.01659
504.2	0.01861
504.4	0.02085
504.6	0.02319
504.8	0.02582
505.0	0.0285
505.2	0.03131
505.4	0.03413
505.6	0.03671
505.8	0.03945
506.0	0.04192
506.2	0.04376
506.4	0.04518
506.6	0.04608
506.8	0.04644
507.0	0.04585
507.2	0.04495
507.4	0.0435
507.6	0.04114
507.8	0.03856
508.0	0.03565
508.2	0.03241
508.4	0.02921
508.6	0.02602
508.8	0.02287
509.0	0.01991
509.2	0.01724
509.4	0.01491
509.6	0.01285
509.8	0.01114
510.0	0.00965
510.2	0.00834
510.4	0.00735
510.6	0.00648
510.8	0.00576
511.0	0.00516
511.2	0.00463
511.4	0.00419
511.6	0.00388
511.8	0.00356
512.0	0.00334
512.2	0.00313
512.4	0.00295
512.6	0.00283
512.8	0.00273
513.0	0.00268
513.2	0.00259
513.4	0.00253
513.6	0.00251
513.8	0.00248
514.0	0.00246
514.2	0.00249
514.4	0.00251
514.6	0.00257
514.8	0.00268
515.0	0.00275
515.2	0.00284
515.4	0.00309
515.6	0.00333
515.8	0.00361
516.0	0.00403
516.2	0.00453
516.4	0.00512
516.6	0.00592
516.8	0.00689
517.0	0.00796
517.2	0.00923
517.4	0.0105
517.6	0.0117
517.8	0.01279
518.0	0.01373
518.2	0.01439
518.4	0.01474
518.6	0.01491
518.8	0.01476
519.0	0.0144
519.2	0.01375
519.4	0.01283
519.6	0.01172
519.8	0.01042
520.0	0.00907
520.2	0.00779
520.4	0.00655
520.6	0.00545
520.8	0.00458
521.0	0.00387
521.2	0.00329
521.4	0.00283
521.6	0.00252
521.8	0.00227
522.0	0.00204
522.2	0.00186
522.4	0.0017
522.6	0.00162
522.8	0.00153
523.0	0.00147
523.2	0.00142
523.4	0.00137
523.6	0.00133
523.8	0.0013
524.0	0.00128
524.2	0.00127
524.4	0.00127
524.6	0.00126
524.8	0.00124
525.0	0.00131
525.2	0.0013
525.4	0.00134
525.6	0.00135
525.8	0.00142
526.0	0.00148
526.2	0.00161
526.4	0.0017
526.6	0.00181
526.8	0.00198
527.0	0.00218
527.2	0.00243
527.4	0.00274
527.6	0.00318
527.8	0.00366
528.0	0.0043
528.2	0.00517
528.4	0.00612
528.6	0.0073
528.8	0.00857
529.0	0.00992
529.2	0.01129
529.4	0.01254
529.6	0.01366
529.8	0.01454
530.0	0.01531
530.2	0.01576
530.4	0.01602
530.6	0.01613
530.8	0.01591
531.0	0.01547
531.2	0.01484
531.4	0.01399
531.6	0.01284
531.8	0.01161
532.0	0.01029
532.2	0.00894
532.4	0.00768
532.6	0.00655
532.8	0.00563
533.0	0.00484
533.2	0.00424
533.4	0.00375
533.6	0.00331
533.8	0.00303
534.0	0.0028
534.2	0.00261
534.4	0.00244
534.6	0.00233
534.8	0.00228
535.0	0.00221
535.2	0.00213
535.4	0.0021
535.6	0.00211
535.8	0.00216
536.0	0.00224
536.2	0.00236
536.4	0.00252
536.6	0.00268
536.8	0.00277
537.0	0.00291
537.2	0.00299
537.4	0.00311
537.6	0.00321
537.8	0.00327
538.0	0.00336
538.2	0.00341
538.4	0.00346
538.6	0.00346
538.8	0.00349
539.0	0.00348
539.2	0.00355
539.4	0.00363
539.6	0.00381
539.8	0.00408
540.0	0.00431
540.2	0.00464
540.4	0.00497
540.6	0.00535
540.8	0.00578
541.0	0.00623
541.2	0.00667
541.4	0.00712
541.6	0.00757
541.8	0.00802
542.0	0.00845
542.2	0.00889
542.4	0.00925
542.6	0.00957
542.8	0.00982
543.0	0.01214
543.2	0.01332
543.4	0.01341
543.6	0.01338
543.8	0.01328
544.0	0.01315
544.2	0.01298
544.4	0.01276
544.6	0.01252
544.8	0.01222
545.0	0.01189
545.2	0.01163
545.4	0.01139
545.6	0.01109
545.8	0.01078
546.0	0.01056
546.2	0.01028
546.4	0.01005
546.6	0.00986
546.8	0.00971
547.0	0.0096
547.2	0.00944
547.4	0.00938
547.6	0.00929
547.8	0.00922
548.0	0.00918
548.2	0.00921
548.4	0.00921
548.6	0.00927
548.8	0.00938
549.0	0.00953
549.2	0.00972
549.4	0.00997
549.6	0.01026
549.8	0.01063
550.0	0.01106
550.2	0.01151
550.4	0.01196
550.6	0.01239
550.8	0.01283
551.0	0.01326
551.2	0.01375
551.4	0.01414
551.6	0.01456
551.8	0.015
552.0	0.01536
552.2	0.01576
552.4	0.01619
552.6	0.01658
552.8	0.017
553.0	0.01758
553.2	0.01817
553.4	0.01895
553.6	0.01982
553.8	0.0209
554.0	0.02204
554.2	0.02337
554.4	0.02488
554.6	0.0266
554.8	0.02852
555.0	0.03067
555.2	0.033
555.4	0.03584
555.6	0.03902
555.8	0.04267
556.0	0.04655
556.2	0.05097
556.4	0.05584
556.6	0.06137
556.8	0.0677
557.0	0.07478
557.2	0.08275
557.4	0.09156
557.6	0.10136
557.8	0.1125
558.0	0.12456
558.2	0.13772
558.4	0.15177
558.6	0.16668
558.8	0.18246
559.0	0.20037
559.2	0.21867
559.4	0.23781
559.6	0.25735
559.8	0.27603
560.0	0.29439
560.2	0.3143
560.4	0.33324
560.6	0.35109
560.8	0.36841
561.0	0.38555
561.2	0.40168
561.4	0.4149
561.6	0.4265
561.8	0.43736
562.0	0.44648
562.2	0.45413
562.4	0.45902
562.6	0.46326
562.8	0.46772
563.0	0.47191
563.2	0.47347
563.4	0.47737
563.6	0.48
563.8	0.48276
564.0	0.48689
564.2	0.49098
564.4	0.49504
564.6	0.49966
564.8	0.50614
565.0	0.51624
565.2	0.52655
565.4	0.53828
565.6	0.55352
565.8	0.57082
566.0	0.59218
566.2	0.61396
566.4	0.63875
566.6	0.66437
566.8	0.69066
567.0	0.71921
567.2	0.74821
567.4	0.77486
567.6	0.79857
567.8	0.82454
568.0	0.84797
568.2	0.86891
568.4	0.88722
568.6	0.90274
568.8	0.91567
569.0	0.92567
569.2	0.93269
569.4	0.93714
569.6	0.942
569.8	0.94562
570.0	0.94701
570.2	0.94691
570.4	0.94788
570.6	0.94922
570.8	0.94936
571.0	0.94774
571.2	0.94946
571.4	0.94875
571.6	0.94992
571.8	0.94872
572.0	0.94954
572.2	0.95146
572.4	0.95078
572.6	0.94921
572.8	0.94834
573.0	0.94777
573.2	0.94781
573.4	0.9495
573.6	0.94895
573.8	0.94906
574.0	0.94904
574.2	0.94874
574.4	0.94838
574.6	0.9468
574.8	0.94735
575.0	0.94605
575.2	0.94806
575.4	0.94788
575.6	0.9456
575.8	0.94578
576.0	0.94691
576.2	0.94818
576.4	0.94914
576.6	0.94991
576.8	0.95086
577.0	0.95255
577.2	0.95362
577.4	0.9545
577.6	0.95605
577.8	0.95849
578.0	0.95964
578.2	0.96166
578.4	0.96172
578.6	0.96291
578.8	0.9631
579.0	0.9643
579.2	0.96644
579.4	0.96839
579.6	0.9714
579.8	0.97184
580.0	0.97386
580.2	0.97287
580.4	0.97299
580.6	0.97226
580.8	0.97043
581.0	0.96903
581.2	0.96801
581.4	0.96801
581.6	0.96806
581.8	0.96834
582.0	0.96922
582.2	0.96828
582.4	0.96646
582.6	0.96626
582.8	0.96624
583.0	0.96638
583.2	0.96772
583.4	0.96568
583.6	0.96558
583.8	0.9642
584.0	0.96245
584.2	0.96356
584.4	0.96367
584.6	0.96198
584.8	0.96262
585.0	0.96453
585.2	0.96336
585.4	0.96393
585.6	0.96526
585.8	0.96504
586.0	0.96613
586.2	0.96855
586.4	0.96978
586.6	0.96817
586.8	0.968
587.0	0.96922
587.2	0.96989
587.4	0.97048
587.6	0.97304
587.8	0.97373
588.0	0.97164
588.2	0.97238
588.4	0.97048
588.6	0.97121
588.8	0.97349
589.0	0.97265
589.2	0.97181
589.4	0.97256
589.6	0.9734
589.8	0.97375
590.0	0.97312
590.2	0.97251
590.4	0.97202
590.6	0.97047
590.8	0.97132
591.0	0.97235
591.2	0.97235
591.4	0.97464
591.6	0.97436
591.8	0.97169
592.0	0.97062
592.2	0.97069
592.4	0.97061
592.6	0.97076
592.8	0.97015
593.0	0.97064
593.2	0.97082
593.4	0.96903
593.6	0.97061
593.8	0.97022
594.0	0.9699
594.2	0.9706
594.4	0.96915
594.6	0.96955
594.8	0.96942
595.0	0.97265
595.2	0.97381
595.4	0.97309
595.6	0.97268
595.8	0.9712
596.0	0.97188
596.2	0.97128
596.4	0.96946
596.6	0.9711
596.8	0.97235
597.0	0.9709
597.2	0.9705
597.4	0.9716
597.6	0.97123
597.8	0.97058
598.0	0.97055
598.2	0.97042
598.4	0.97085
598.6	0.97205
598.8	0.97208
599.0	0.97111
599.2	0.97056
599.4	0.97128
599.6	0.9711
599.8	0.96946
600.0	0.96894
600.2	0.96899
600.4	0.96746
600.6	0.96763
600.8	0.96789
601.0	0.96983
601.2	0.96895
601.4	0.96943
601.6	0.9698
601.8	0.96898
602.0	0.96949
602.2	0.97028
602.4	0.96957
602.6	0.96965
602.8	0.9694
603.0	0.97053
603.2	0.97116
603.4	0.97057
603.6	0.96878
603.8	0.96887
604.0	0.96999
604.2	0.96965
604.4	0.97027
604.6	0.97059
604.8	0.97031
605.0	0.971
605.2	0.9708
605.4	0.97212
605.6	0.97293
605.8	0.97387
606.0	0.97338
606.2	0.97168
606.4	0.96873
606.6	0.96906
606.8	0.96873
607.0	0.97028
607.2	0.97111
607.4	0.9696
607.6	0.97
607.8	0.97005
608.0	0.96962
608.2	0.96884
608.4	0.96916
608.6	0.96888
608.8	0.96685
609.0	0.96753
609.2	0.96883
609.4	0.9696
609.6	0.96947
609.8	0.96876
610.0	0.9708
610.2	0.96974
610.4	0.96836
610.6	0.96738
610.8	0.96839
611.0	0.96911
611.2	0.9701
611.4	0.96992
611.6	0.96936
611.8	0.96765
612.0	0.96755
612.2	0.9679
612.4	0.96703
612.6	0.96917
612.8	0.96886
613.0	0.96719
613.2	0.96551
613.4	0.9665
613.6	0.96807
613.8	0.97011
614.0	0.96978
614.2	0.96864
614.4	0.96796
614.6	0.9685
614.8	0.97062
615.0	0.97138
615.2	0.97223
615.4	0.97172
615.6	0.97117
615.8	0.97067
616.0	0.9722
616.2	0.97362
616.4	0.97229
616.6	0.97133
616.8	0.97155
617.0	0.97427
617.2	0.97254
617.4	0.97234
617.6	0.97238
617.8	0.97142
618.0	0.97178
618.2	0.97058
618.4	0.96962
618.6	0.97026
618.8	0.97213
619.0	0.97007
619.2	0.97095
619.4	0.97096
619.6	0.97144
619.8	0.97015
620.0	0.96948
620.2	0.96868
620.4	0.96983
620.6	0.97017
620.8	0.97059
621.0	0.9695
621.2	0.97042
621.4	0.97067
621.6	0.97063
621.8	0.9723
622.0	0.97187
622.2	0.97036
622.4	0.97032
622.6	0.97017
622.8	0.96958
623.0	0.97213
623.2	0.97281
623.4	0.97363
623.6	0.97499
623.8	0.97484
624.0	0.97383
624.2	0.97483
624.4	0.97394
624.6	0.97393
624.8	0.97314
625.0	0.97203
625.2	0.97438
625.4	0.97505
625.6	0.97422
625.8	0.97285
626.0	0.97097
626.2	0.97178
626.4	0.97298
626.6	0.97449
626.8	0.97661
627.0	0.97332
627.2	0.97203
627.4	0.97067
627.6	0.97054
627.8	0.97184
628.0	0.9709
628.2	0.97097
628.4	0.97265
628.6	0.97289
628.8	0.97143
629.0	0.96943
629.2	0.96973
629.4	0.96851
629.6	0.97063
629.8	0.96894
630.0	0.96911
630.2	0.9696
630.4	0.96888
630.6	0.97012
630.8	0.96777
631.0	0.9692
631.2	0.97029
631.4	0.96871
631.6	0.96982
631.8	0.97078
632.0	0.97042
632.2	0.97153
632.4	0.96843
632.6	0.96949
632.8	0.96994
633.0	0.96965
633.2	0.96971
633.4	0.97133
633.6	0.97245
633.8	0.9715
634.0	0.97142
634.2	0.97286
634.4	0.97181
634.6	0.97184
634.8	0.97396
635.0	0.97443
635.2	0.97508
635.4	0.97523
635.6	0.9736
635.8	0.97288
636.0	0.97172
636.2	0.97082
636.4	0.97291
636.6	0.9726
636.8	0.9732
637.0	0.97405
637.2	0.9731
637.4	0.97079
637.6	0.97176
637.8	0.97415
638.0	0.97257
638.2	0.97344
638.4	0.97289
638.6	0.97246
638.8	0.97246
639.0	0.97171
639.2	0.97098
639.4	0.97201
639.6	0.97111
639.8	0.97192
640.0	0.97039
640.2	0.97033
640.4	0.97118
640.6	0.97213
640.8	0.9727
641.0	0.97233
641.2	0.9715
641.4	0.97219
641.6	0.97185
641.8	0.97049
642.0	0.97231
642.2	0.97326
642.4	0.9757
642.6	0.9757
642.8	0.97248
643.0	0.97437
643.2	0.97571
643.4	0.97715
643.6	0.97643
643.8	0.97592
644.0	0.97598
644.2	0.97528
644.4	0.97691
644.6	0.97835
644.8	0.9807
645.0	0.98165
645.2	0.98217
645.4	0.97894
645.6	0.97923
645.8	0.97887
646.0	0.97876
646.2	0.98074
646.4	0.9794
646.6	0.97948
646.8	0.97893
647.0	0.97681
647.2	0.97539
647.4	0.97696
647.6	0.97712
647.8	0.9791
648.0	0.98101
648.2	0.97961
648.4	0.97815
648.6	0.97555
648.8	0.97497
649.0	0.97559
649.2	0.97521
649.4	0.97571
649.6	0.9766
649.8	0.97663
650.0	0.97386
650.2	0.97297
650.4	0.97494
650.6	0.97387
650.8	0.97466
651.0	0.97427
651.2	0.97377
651.4	0.97476
651.6	0.97612
651.8	0.97481
652.0	0.97271
652.2	0.97298
652.4	0.97296
652.6	0.97154
652.8	0.96942
653.0	0.96756
653.2	0.96779
653.4	0.96805
653.6	0.96648
653.8	0.96873
654.0	0.97081
654.2	0.97062
654.4	0.97024
654.6	0.97154
654.8	0.97103
655.0	0.96921
655.2	0.97047
655.4	0.96874
655.6	0.96946
655.8	0.96978
656.0	0.96886
656.2	0.97044
656.4	0.96956
656.6	0.97123
656.8	0.97087
657.0	0.97161
657.2	0.97183
657.4	0.97369
657.6	0.97359
657.8	0.97244
658.0	0.97129
658.2	0.9735
658.4	0.97541
658.6	0.9755
658.8	0.97597
659.0	0.97718
659.2	0.97595
659.4	0.97529
659.6	0.97394
659.8	0.97616
660.0	0.97634
660.2	0.97444
660.4	0.97363
660.6	0.97452
660.8	0.97567
661.0	0.97644
661.2	0.97595
661.4	0.974
661.6	0.97591
661.8	0.97597
662.0	0.976
662.2	0.97593
662.4	0.97569
662.6	0.97568
662.8	0.97528
663.0	0.97539
663.2	0.97681
663.4	0.97692
663.6	0.97755
663.8	0.97691
664.0	0.97642
664.2	0.976
664.4	0.9757
664.6	0.97634
664.8	0.97908
665.0	0.97777
665.2	0.97883
665.4	0.9793
665.6	0.98019
665.8	0.978
666.0	0.97611
666.2	0.9742
666.4	0.97382
666.6	0.97293
666.8	0.97462
667.0	0.97545
667.2	0.97457
667.4	0.97616
667.6	0.97683
667.8	0.97533
668.0	0.97676
668.2	0.97907
668.4	0.97895
668.6	0.97888
668.8	0.97949
669.0	0.97963
669.2	0.98053
669.4	0.98001
669.6	0.98146
669.8	0.98248
670.0	0.98195
670.2	0.98096
670.4	0.97862
670.6	0.97959
670.8	0.97867
671.0	0.97851
671.2	0.97568
671.4	0.97702
671.6	0.97747
671.8	0.97514
672.0	0.97536
672.2	0.97589
672.4	0.97594
672.6	0.97662
672.8	0.97706
673.0	0.97557
673.2	0.9757
673.4	0.97763
673.6	0.97747
673.8	0.97775
674.0	0.97843
674.2	0.97881
674.4	0.97819
674.6	0.97867
674.8	0.97851
675.0	0.98006
675.2	0.97785
675.4	0.97729
675.6	0.97727
675.8	0.9785
676.0	0.97867
676.2	0.97938
676.4	0.97774
676.6	0.97836
676.8	0.98005
677.0	0.98112
677.2	0.97887
677.4	0.97922
677.6	0.97871
677.8	0.97795
678.0	0.97794
678.2	0.97616
678.4	0.9768
678.6	0.97657
678.8	0.97748
679.0	0.97848
679.2	0.978
679.4	0.97516
679.6	0.97573
679.8	0.97652
680.0	0.97634
680.2	0.97862
680.4	0.97832
680.6	0.97808
680.8	0.97916
681.0	0.97861
681.2	0.97769
681.4	0.98062
681.6	0.98078
681.8	0.98106
682.0	0.98285
682.2	0.98334
682.4	0.9831
682.6	0.98168
682.8	0.98153
683.0	0.97986
683.2	0.97956
683.4	0.97961
683.6	0.98128
683.8	0.98286
684.0	0.98255
684.2	0.98089
684.4	0.97884
684.6	0.97774
684.8	0.9805
685.0	0.98283
685.2	0.98066
685.4	0.98224
685.6	0.98298
685.8	0.98239
686.0	0.98187
686.2	0.98185
686.4	0.98243
686.6	0.98178
686.8	0.98065
687.0	0.9815
687.2	0.98259
687.4	0.98143
687.6	0.9798
687.8	0.9813
688.0	0.98158
688.2	0.97885
688.4	0.9786
688.6	0.98176
688.8	0.98189
689.0	0.98104
689.2	0.9801
689.4	0.97848
689.6	0.97953
689.8	0.98083
690.0	0.9812
690.2	0.97975
690.4	0.97985
690.6	0.97786
690.8	0.9782
691.0	0.97766
691.2	0.97771
691.4	0.97879
691.6	0.97845
691.8	0.97675
692.0	0.97505
692.2	0.97428
692.4	0.97762
692.6	0.97896
692.8	0.98076
693.0	0.98043
693.2	0.97944
693.4	0.97847
693.6	0.97916
693.8	0.98169
694.0	0.98271
694.2	0.98257
694.4	0.98157
694.6	0.9796
694.8	0.98119
695.0	0.98068
695.2	0.98139
695.4	0.98287
695.6	0.98179
695.8	0.98026
696.0	0.9802
696.2	0.97834
696.4	0.97755
696.6	0.97926
696.8	0.97972
697.0	0.98092
697.2	0.9815
697.4	0.98267
697.6	0.98068
697.8	0.98017
698.0	0.98074
698.2	0.98246
698.4	0.98394
698.6	0.98324
698.8	0.98205
699.0	0.98021
699.2	0.97972
699.4	0.97921
699.6	0.97995
699.8	0.97968
700.0	0.98078
700.2	0.98125
700.4	0.98047
700.6	0.9807
700.8	0.98006
701.0	0.979
701.2	0.97965
701.4	0.98062
701.6	0.98212
701.8	0.98093
702.0	0.97989
702.2	0.98097
702.4	0.98118
702.6	0.98124
702.8	0.98053
703.0	0.98145
703.2	0.98105
703.4	0.98101
703.6	0.98074
703.8	0.98126
704.0	0.97907
704.2	0.97588
704.4	0.97677
704.6	0.97711
704.8	0.97951
705.0	0.97822
705.2	0.9784
705.4	0.98123
705.6	0.98127
705.8	0.98012
706.0	0.98323
706.2	0.98202
706.4	0.97944
706.6	0.98053
706.8	0.98203
707.0	0.98191
707.2	0.98184
707.4	0.98205
707.6	0.98302
707.8	0.98549
708.0	0.98555
708.2	0.98149
708.4	0.97886
708.6	0.97692
708.8	0.97658
709.0	0.97987
709.2	0.98018
709.4	0.98182
709.6	0.98234
709.8	0.98004
710.0	0.98033
710.2	0.97982
710.4	0.98001
710.6	0.97941
710.8	0.97973
711.0	0.98043
711.2	0.9818
711.4	0.98269
711.6	0.98226
711.8	0.98025
712.0	0.97988
712.2	0.98058
712.4	0.98099
712.6	0.97953
712.8	0.98166
713.0	0.97948
713.2	0.9793
713.4	0.97929
713.6	0.98005
713.8	0.98046
714.0	0.97927
714.2	0.97831
714.4	0.98058
714.6	0.98083
714.8	0.97972
715.0	0.98118
715.2	0.98035
715.4	0.98018
715.6	0.97879
715.8	0.98011
716.0	0.98104
716.2	0.98014
716.4	0.98142
716.6	0.98181
716.8	0.9818
717.0	0.98071
717.2	0.98134
717.4	0.98256
717.6	0.98219
717.8	0.98092
718.0	0.98057
718.2	0.98178
718.4	0.98262
718.6	0.98056
718.8	0.97966
719.0	0.98249
719.2	0.98319
719.4	0.97937
719.6	0.97839
719.8	0.97947
720.0	0.98121
720.2	0.98097
720.4	0.98045
720.6	0.9804
720.8	0.98212
721.0	0.98293
721.2	0.98087
721.4	0.9793
721.6	0.97998
721.8	0.97942
722.0	0.98123
722.2	0.9817
722.4	0.97836
722.6	0.97748
722.8	0.97747
723.0	0.98123
723.2	0.9814
723.4	0.98287
723.6	0.98352
723.8	0.98145
724.0	0.97911
724.2	0.97759
724.4	0.97846
724.6	0.97934
724.8	0.98138
725.0	0.9811
725.2	0.98125
725.4	0.97977
725.6	0.9791
725.8	0.97952
726.0	0.98031
726.2	0.9812
726.4	0.98031
726.6	0.97925
726.8	0.98022
727.0	0.98089
727.2	0.98125
727.4	0.98093
727.6	0.97889
727.8	0.97638
728.0	0.97474
728.2	0.97519
728.4	0.97806
728.6	0.98055
728.8	0.97925
729.0	0.97813
729.2	0.97773
729.4	0.97557
729.6	0.976
729.8	0.97622
730.0	0.97842
730.2	0.97855
730.4	0.9806
730.6	0.98208
730.8	0.98095
731.0	0.97983
731.2	0.97619
731.4	0.97483
731.6	0.977
731.8	0.9784
732.0	0.98049
732.2	0.97946
732.4	0.98017
732.6	0.98061
732.8	0.98132
733.0	0.98146
733.2	0.98075
733.4	0.97965
733.6	0.98127
733.8	0.98037
734.0	0.97947
734.2	0.9783
734.4	0.9771
734.6	0.98069
734.8	0.98335
735.0	0.98463
735.2	0.98464
735.4	0.98219
735.6	0.98081
735.8	0.98169
736.0	0.98195
736.2	0.98035
736.4	0.97923
736.6	0.9796
736.8	0.98044
737.0	0.97934
737.2	0.98009
737.4	0.98002
737.6	0.97997
737.8	0.98009
738.0	0.97765
738.2	0.97731
738.4	0.97873
738.6	0.97842
738.8	0.97804
739.0	0.97876
739.2	0.98001
739.4	0.9795
739.6	0.98173
739.8	0.98199
740.0	0.97997
740.2	0.97971
740.4	0.9778
740.6	0.97851
740.8	0.98039
741.0	0.97686
741.2	0.97378
741.4	0.9748
741.6	0.97538
741.8	0.97396
742.0	0.97319
742.2	0.97363
742.4	0.97356
742.6	0.97487
742.8	0.9749
743.0	0.97519
743.2	0.97645
743.4	0.97485
743.6	0.97296
743.8	0.97321
744.0	0.97344
744.2	0.97321
744.4	0.9723
744.6	0.97181
744.8	0.96974
745.0	0.96877
745.2	0.96894
745.4	0.96849
745.6	0.96923
745.8	0.96929
746.0	0.97013
746.2	0.97005
746.4	0.97212
746.6	0.974
746.8	0.97436
747.0	0.97644
747.2	0.97592
747.4	0.97532
747.6	0.97293
747.8	0.97349
748.0	0.9744
748.2	0.97418
748.4	0.97425
748.6	0.97527
748.8	0.97457
749.0	0.97482
749.2	0.97607
749.4	0.97666
749.6	0.97895
749.8	0.97834
750.0	0.97944
750.2	0.97963
750.4	0.98022
750.6	0.97974
750.8	0.97888
751.0	0.97845
751.2	0.97831
751.4	0.97607
751.6	0.97689
751.8	0.97513
752.0	0.9769
752.2	0.97765
752.4	0.97844
752.6	0.97993
752.8	0.98028
753.0	0.9816
753.2	0.98104
753.4	0.98092
753.6	0.98215
753.8	0.98112
754.0	0.98226
754.2	0.98274
754.4	0.9819
754.6	0.98294
754.8	0.98271
755.0	0.9817
755.2	0.98234
755.4	0.98447
755.6	0.98322
755.8	0.98444
756.0	0.98378
756.2	0.9826
756.4	0.98522
756.6	0.98771
756.8	0.98671
757.0	0.98714
757.2	0.98766
757.4	0.98695
757.6	0.98601
757.8	0.98531
758.0	0.98193
758.2	0.98189
758.4	0.98062
758.6	0.98102
758.8	0.9801
759.0	0.98154
759.2	0.97911
759.4	0.9769
759.6	0.97796
759.8	0.97946
760.0	0.97946
760.2	0.97943
760.4	0.97882
760.6	0.97866
760.8	0.97791
761.0	0.9756
761.2	0.97452
761.4	0.97332
761.6	0.97386
761.8	0.97248
762.0	0.97409
762.2	0.97263
762.4	0.97276
762.6	0.97332
762.8	0.97379
763.0	0.97336
763.2	0.97539
763.4	0.97666
763.6	0.9771
763.8	0.9759
764.0	0.97392
764.2	0.97499
764.4	0.97332
764.6	0.97304
764.8	0.97346
765.0	0.97182
765.2	0.97307
765.4	0.97297
765.6	0.97326
765.8	0.97362
766.0	0.97262
766.2	0.97242
766.4	0.97314
766.6	0.97494
766.8	0.97716
767.0	0.97637
767.2	0.97439
767.4	0.97406
767.6	0.97647
767.8	0.97871
768.0	0.9794
768.2	0.9791
768.4	0.97688
768.6	0.97492
768.8	0.97469
769.0	0.9763
769.2	0.97921
769.4	0.97872
769.6	0.9769
769.8	0.97931
770.0	0.97996
770.2	0.97957
770.4	0.97755
770.6	0.97729
770.8	0.97861
771.0	0.97802
771.2	0.9798
771.4	0.97798
771.6	0.97918
771.8	0.97893
772.0	0.97943
772.2	0.98018
772.4	0.97985
772.6	0.97832
772.8	0.97565
773.0	0.97503
773.2	0.97781
773.4	0.97851
773.6	0.97746
773.8	0.97692
774.0	0.97629
774.2	0.97461
774.4	0.97148
774.6	0.97116
774.8	0.97115
775.0	0.97157
775.2	0.97216
775.4	0.97232
775.6	0.97132
775.8	0.9731
776.0	0.97309
776.2	0.96976
776.4	0.96925
776.6	0.9689
776.8	0.96936
777.0	0.96922
777.2	0.96876
777.4	0.96712
777.6	0.96381
777.8	0.96474
778.0	0.96585
778.2	0.96536
778.4	0.96406
778.6	0.96518
778.8	0.96302
779.0	0.96182
779.2	0.96309
779.4	0.96528
779.6	0.96566
779.8	0.96692
780.0	0.96672
780.2	0.96399
780.4	0.96346
780.6	0.96325
780.8	0.96299
781.0	0.96255
781.2	0.96224
781.4	0.9632
781.6	0.96375
781.8	0.96486
782.0	0.9632
782.2	0.96099
782.4	0.96296
782.6	0.96695
782.8	0.96671
783.0	0.96696
783.2	0.96965
783.4	0.97086
783.6	0.97094
783.8	0.97088
784.0	0.97322
784.2	0.97427
784.4	0.9699
784.6	0.96957
784.8	0.97165
785.0	0.9729
785.2	0.97171
785.4	0.97061
785.6	0.97076
785.8	0.97179
786.0	0.97092
786.2	0.97099
786.4	0.97362
786.6	0.97142
786.8	0.96904
787.0	0.96925
787.2	0.96793
787.4	0.97132
787.6	0.97046
787.8	0.9714
788.0	0.9732
788.2	0.97249
788.4	0.9751
788.6	0.9768
788.8	0.97809
789.0	0.97829
789.2	0.97537
789.4	0.97661
789.6	0.97851
789.8	0.98068
790.0	0.97976
790.2	0.97612
790.4	0.97508
790.6	0.9731
790.8	0.97658
791.0	0.97857
791.2	0.97805
791.4	0.97634
791.6	0.97642
791.8	0.97578
792.0	0.97603
792.2	0.9786
792.4	0.98117
792.6	0.98198
792.8	0.98342
793.0	0.98201
793.2	0.98004
793.4	0.97895
793.6	0.9768
793.8	0.97822
794.0	0.98082
794.2	0.98038
794.4	0.98232
794.6	0.98214
794.8	0.97999
795.0	0.97827
795.2	0.97687
795.4	0.97473
795.6	0.97756
795.8	0.98077
796.0	0.98081
796.2	0.9787
796.4	0.97866
796.6	0.98082
796.8	0.97968
797.0	0.97659
797.2	0.97511
797.4	0.97691
797.6	0.97774
797.8	0.97884
798.0	0.97914
798.2	0.97965
798.4	0.97915
798.6	0.97854
798.8	0.98023
799.0	0.98237
799.2	0.98129
799.4	0.98185
799.6	0.98198
799.8	0.98141
800.0	0.98177
800.2	0.98195
800.4	0.98135
800.6	0.98071
800.8	0.982
801.0	0.98188
801.2	0.98052
801.4	0.97903
801.6	0.97884
801.8	0.97855
802.0	0.97878
802.2	0.97796
802.4	0.97922
802.6	0.97988
802.8	0.98116
803.0	0.98153
803.2	0.98264
803.4	0.98492
803.6	0.98627
803.8	0.987
804.0	0.98857
804.2	0.98873
804.4	0.98919
804.6	0.98945
804.8	0.99081
805.0	0.9919
805.2	0.99111
805.4	0.98888
805.6	0.99021
805.8	0.9916
806.0	0.99064
806.2	0.99081
806.4	0.99194
806.6	0.99166
806.8	0.99104
807.0	0.99034
807.2	0.99073
807.4	0.99099
807.6	0.99211
807.8	0.99331
808.0	0.99202
808.2	0.99183
808.4	0.99028
808.6	0.98785
808.8	0.9891
809.0	0.99054
809.2	0.98973
809.4	0.98986
809.6	0.98928
809.8	0.99066
810.0	0.98957
810.2	0.9875
810.4	0.98619
810.6	0.98604
810.8	0.9862
811.0	0.98339
811.2	0.9844
811.4	0.98561
811.6	0.98571
811.8	0.98442
812.0	0.98401
812.2	0.98272
812.4	0.98195
812.6	0.98152
812.8	0.98316
813.0	0.98284
813.2	0.98345
813.4	0.98592
813.6	0.98612
813.8	0.98483
814.0	0.98321
814.2	0.98285
814.4	0.98151
814.6	0.97914
814.8	0.97925
815.0	0.98053
815.2	0.97898
815.4	0.97733
815.6	0.97477
815.8	0.97459
816.0	0.9734
816.2	0.97592
816.4	0.97726
816.6	0.97772
816.8	0.97621
817.0	0.97682
817.2	0.97648
817.4	0.97589
817.6	0.97521
817.8	0.97599
818.0	0.97477
818.2	0.97147
818.4	0.96957
818.6	0.96998
818.8	0.97076
819.0	0.97549
819.2	0.97436
819.4	0.97246
819.6	0.97158
819.8	0.97083
820.0	0.97102
820.2	0.96877
820.4	0.97037
820.6	0.97103
820.8	0.9685
821.0	0.96667
821.2	0.96637
821.4	0.96736
821.6	0.96505
821.8	0.96612
822.0	0.96537
822.2	0.96595
822.4	0.96866
822.6	0.97044
822.8	0.97404
823.0	0.97222
823.2	0.97105
823.4	0.97304
823.6	0.97272
823.8	0.97285
824.0	0.9741
824.2	0.97496
824.4	0.97576
824.6	0.97366
824.8	0.97249
825.0	0.97308
825.2	0.97384
825.4	0.97373
825.6	0.97412
825.8	0.97273
826.0	0.97332
826.2	0.97391
826.4	0.97382
826.6	0.9741
826.8	0.97583
827.0	0.97862
827.2	0.97981
827.4	0.98236
827.6	0.98176
827.8	0.98101
828.0	0.98108
828.2	0.98043
828.4	0.98012
828.6	0.98092
828.8	0.98009
829.0	0.98087
829.2	0.98018
829.4	0.97987
829.6	0.97958
829.8	0.98081
830.0	0.98027
830.2	0.98012
830.4	0.98082
830.6	0.97842
830.8	0.97998
831.0	0.98091
831.2	0.98275
831.4	0.98482
831.6	0.98664
831.8	0.98569
832.0	0.98157
832.2	0.97833
832.4	0.97741
832.6	0.97709
832.8	0.97746
833.0	0.97955
833.2	0.98127
833.4	0.98108
833.6	0.97943
833.8	0.98034
834.0	0.97928
834.2	0.97953
834.4	0.98167
834.6	0.98265
834.8	0.98159
835.0	0.98244
835.2	0.98236
835.4	0.98238
835.6	0.98044
835.8	0.97962
836.0	0.97973
836.2	0.98078
836.4	0.98055
836.6	0.98165
836.8	0.98111
837.0	0.97929
837.2	0.9778
837.4	0.97821
837.6	0.97766
837.8	0.9753
838.0	0.97409
838.2	0.97594
838.4	0.97959
838.6	0.97834
838.8	0.97564
839.0	0.97579
839.2	0.97532
839.4	0.97413
839.6	0.97197
839.8	0.97157
840.0	0.97397
840.2	0.97601
840.4	0.9767
840.6	0.97616
840.8	0.97453
841.0	0.97532
841.2	0.97609
841.4	0.97672
841.6	0.97719
841.8	0.97844
842.0	0.97884
842.2	0.97659
842.4	0.97555
842.6	0.9729
842.8	0.9729
843.0	0.9738
843.2	0.9762
843.4	0.97922
843.6	0.97944
843.8	0.9754
844.0	0.9754
844.2	0.97561
844.4	0.97529
844.6	0.97608
844.8	0.97789
845.0	0.97889
845.2	0.98073
845.4	0.97836
845.6	0.97459
845.8	0.97224
846.0	0.97289
846.2	0.97306
846.4	0.97405
846.6	0.97418
846.8	0.97573
847.0	0.97896
847.2	0.97943
847.4	0.97785
847.6	0.97612
847.8	0.97347
848.0	0.97001
848.2	0.97049
848.4	0.97333
848.6	0.97508
848.8	0.97351
849.0	0.97145
849.2	0.97037
849.4	0.97175
849.6	0.97168
849.8	0.9734
850.0	0.97489
850.2	0.97544
850.4	0.97624
850.6	0.97708
850.8	0.97621
851.0	0.97394
851.2	0.97329
851.4	0.97417
851.6	0.9755
851.8	0.9751
852.0	0.97705
852.2	0.97756
852.4	0.9759
852.6	0.97521
852.8	0.97706
853.0	0.97561
853.2	0.9763
853.4	0.97472
853.6	0.97465
853.8	0.97676
854.0	0.97582
854.2	0.97543
854.4	0.97656
854.6	0.97805
854.8	0.97828
855.0	0.9796
855.2	0.9787
855.4	0.97708
855.6	0.97558
855.8	0.97412
856.0	0.97383
856.2	0.97353
856.4	0.97592
856.6	0.97655
856.8	0.97436
857.0	0.97365
857.2	0.97376
857.4	0.97546
857.6	0.97374
857.8	0.97288
858.0	0.97211
858.2	0.9725
858.4	0.97202
858.6	0.97399
858.8	0.97545
859.0	0.97516
859.2	0.97288
859.4	0.9698
859.6	0.97055
859.8	0.97408
860.0	0.97649
860.2	0.97766
860.4	0.97758
860.6	0.97831
860.8	0.97708
861.0	0.97537
861.2	0.973
861.4	0.97327
861.6	0.97398
861.8	0.97441
862.0	0.97437
862.2	0.97371
862.4	0.97245
862.6	0.97111
862.8	0.96917
863.0	0.97006
863.2	0.96966
863.4	0.97219
863.6	0.97344
863.8	0.9737
864.0	0.97487
864.2	0.97501
864.4	0.97368
864.6	0.97196
864.8	0.97365
865.0	0.97429
865.2	0.97387
865.4	0.97576
865.6	0.97636
865.8	0.97579
866.0	0.9746
866.2	0.97226
866.4	0.97013
866.6	0.97016
866.8	0.9707
867.0	0.97229
867.2	0.97163
867.4	0.97034
867.6	0.97057
867.8	0.96944
868.0	0.97162
868.2	0.97148
868.4	0.9755
868.6	0.97785
868.8	0.97624
869.0	0.97701
869.2	0.97892
869.4	0.97933
869.6	0.978
869.8	0.97783
870.0	0.97944
870.2	0.98125
870.4	0.97959
870.6	0.97694
870.8	0.97863
871.0	0.97604
871.2	0.97763
871.4	0.97967
871.6	0.97948
871.8	0.9783
872.0	0.9771
872.2	0.97665
872.4	0.97896
872.6	0.98183
872.8	0.98054
873.0	0.97762
873.2	0.97557
873.4	0.97719
873.6	0.97755
873.8	0.9772
874.0	0.97981
874.2	0.98018
874.4	0.97887
874.6	0.97803
874.8	0.97622
875.0	0.97639
875.2	0.97668
875.4	0.97592
875.6	0.97324
875.8	0.97365
876.0	0.97532
876.2	0.97735
876.4	0.98043
876.6	0.98077
876.8	0.979
877.0	0.97923
877.2	0.97909
877.4	0.97927
877.6	0.9803
877.8	0.97927
878.0	0.97825
878.2	0.97711
878.4	0.97653
878.6	0.97614
878.8	0.97762
879.0	0.97731
879.2	0.97596
879.4	0.9778
879.6	0.97932
879.8	0.97681
880.0	0.97398
880.2	0.97316
880.4	0.97453
880.6	0.97428
880.8	0.97371
881.0	0.9727
881.2	0.97219
881.4	0.97347
881.6	0.97392
881.8	0.97738
882.0	0.97813
882.2	0.97736
882.4	0.97904
882.6	0.9785
882.8	0.97484
883.0	0.97373
883.2	0.97318
883.4	0.9744
883.6	0.97463
883.8	0.97393
884.0	0.9734
884.2	0.97433
884.4	0.97477
884.6	0.97618
884.8	0.97802
885.0	0.97773
885.2	0.97707
885.4	0.97945
885.6	0.97903
885.8	0.97826
886.0	0.97925
886.2	0.97788
886.4	0.97443
886.6	0.97359
886.8	0.97142
887.0	0.97249
887.2	0.9728
887.4	0.97366
887.6	0.97299
887.8	0.97247
888.0	0.97221
888.2	0.97382
888.4	0.97152
888.6	0.97259
888.8	0.97576
889.0	0.97679
889.2	0.97519
889.4	0.97664
889.6	0.9787
889.8	0.97796
890.0	0.97721
890.2	0.97841
890.4	0.97684
890.6	0.97627
890.8	0.97551
891.0	0.97676
891.2	0.9766
891.4	0.97622
891.6	0.97621
891.8	0.97699
892.0	0.97619
892.2	0.97463
892.4	0.97471
892.6	0.97453
892.8	0.97484
893.0	0.97521
893.2	0.97361
893.4	0.97169
893.6	0.97347
893.8	0.97633
894.0	0.97921
894.2	0.98136
894.4	0.98035
894.6	0.98126
894.8	0.98249
895.0	0.98311
895.2	0.98323
895.4	0.98181
895.6	0.97959
895.8	0.97755
896.0	0.97582
896.2	0.97532
896.4	0.9756
896.6	0.97595
896.8	0.97671
897.0	0.97812
897.2	0.97799
897.4	0.97833
897.6	0.97767
897.8	0.97788
898.0	0.98003
898.2	0.97826
898.4	0.97534
898.6	0.97189
898.8	0.96959
899.0	0.97108
899.2	0.97189
899.4	0.97198
899.6	0.97321
899.8	0.97185
900.0	0.9718
900.2	0.97374
900.4	0.97653
900.6	0.97541
900.8	0.97365
901.0	0.97344
901.2	0.9713
901.4	0.97058
901.6	0.97034
901.8	0.96954
902.0	0.97208
902.2	0.973
902.4	0.97044
902.6	0.97217
902.8	0.97192
903.0	0.97136
903.2	0.97223
903.4	0.9726
903.6	0.97138
903.8	0.97266
904.0	0.97437
904.2	0.97551
904.4	0.97603
904.6	0.9778
904.8	0.9756
905.0	0.97133
905.2	0.97128
905.4	0.97352
905.6	0.97517
905.8	0.97321
906.0	0.97292
906.2	0.97148
906.4	0.97158
906.6	0.9723
906.8	0.97171
907.0	0.97034
907.2	0.96935
907.4	0.97342
907.6	0.97444
907.8	0.97441
908.0	0.97399
908.2	0.9726
908.4	0.97151
908.6	0.97324
908.8	0.97288
909.0	0.97295
909.2	0.97406
909.4	0.97575
909.6	0.97517
909.8	0.97449
910.0	0.97318
910.2	0.97295
910.4	0.97361
910.6	0.97114
910.8	0.97037
911.0	0.97166
911.2	0.97095
911.4	0.97145
911.6	0.97017
911.8	0.96773
912.0	0.96625
912.2	0.96903
912.4	0.97131
912.6	0.97157
912.8	0.97459
913.0	0.97416
913.2	0.97151
913.4	0.96902
913.6	0.96885
913.8	0.96729
914.0	0.96672
914.2	0.96933
914.4	0.97076
914.6	0.96947
914.8	0.96739
915.0	0.96804
915.2	0.96856
915.4	0.96849
915.6	0.97144
915.8	0.97243
916.0	0.97454
916.2	0.97462
916.4	0.97435
916.6	0.97573
916.8	0.97475
917.0	0.97516
917.2	0.97676
917.4	0.97429
917.6	0.97266
917.8	0.9718
918.0	0.97285
918.2	0.97351
918.4	0.97569
918.6	0.97621
918.8	0.97921
919.0	0.98124
919.2	0.97919
919.4	0.97776
919.6	0.9771
919.8	0.97767
920.0	0.97606
920.2	0.97467
920.4	0.97652
920.6	0.97707
920.8	0.97788
921.0	0.98017
921.2	0.98129
921.4	0.97989
921.6	0.97909
921.8	0.97609
922.0	0.97575
922.2	0.97636
922.4	0.97762
922.6	0.97785
922.8	0.9767
923.0	0.97638
923.2	0.97615
923.4	0.97637
923.6	0.97865
923.8	0.98018
924.0	0.98131
924.2	0.98124
924.4	0.98146
924.6	0.98272
924.8	0.98507
925.0	0.98467
925.2	0.98353
925.4	0.98403
925.6	0.98239
925.8	0.98161
926.0	0.98121
926.2	0.98059
926.4	0.97911
926.6	0.9763
926.8	0.97702
927.0	0.97874
927.2	0.97835
927.4	0.97943
927.6	0.98002
927.8	0.9812
928.0	0.98142
928.2	0.9802
928.4	0.9795
928.6	0.97841
928.8	0.97746
929.0	0.978
929.2	0.97839
929.4	0.97719
929.6	0.97616
929.8	0.97522
930.0	0.97647
930.2	0.97829
930.4	0.98249
930.6	0.98498
930.8	0.98408
931.0	0.98018
931.2	0.97804
931.4	0.97643
931.6	0.979
931.8	0.97699
932.0	0.97857
932.2	0.97593
932.4	0.9765
932.6	0.97914
932.8	0.98067
933.0	0.97898
933.2	0.9788
933.4	0.9791
933.6	0.97822
933.8	0.97521
934.0	0.97364
934.2	0.97156
934.4	0.97452
934.6	0.97542
934.8	0.9746
935.0	0.97535
935.2	0.97459
935.4	0.97422
935.6	0.97456
935.8	0.97375
936.0	0.97659
936.2	0.97439
936.4	0.97322
936.6	0.97516
936.8	0.9744
937.0	0.97369
937.2	0.9751
937.4	0.97433
937.6	0.97318
937.8	0.97179
938.0	0.97037
938.2	0.97298
938.4	0.97266
938.6	0.97258
938.8	0.97226
939.0	0.96974
939.2	0.96666
939.4	0.96567
939.6	0.96727
939.8	0.96692
940.0	0.96662
940.2	0.96742
940.4	0.96764
940.6	0.96669
940.8	0.96653
941.0	0.96751
941.2	0.96689
941.4	0.96547
941.6	0.965
941.8	0.96712
942.0	0.97118
942.2	0.97031
942.4	0.96974
942.6	0.96643
942.8	0.96485
943.0	0.96792
943.2	0.96992
943.4	0.96993
943.6	0.97001
943.8	0.97125
944.0	0.97087
944.2	0.97261
944.4	0.97214
944.6	0.9696
944.8	0.96657
945.0	0.96369
945.2	0.96311
945.4	0.96223
945.6	0.96208
945.8	0.96263
946.0	0.96276
946.2	0.96524
946.4	0.96547
946.6	0.96475
946.8	0.96271
947.0	0.96262
947.2	0.96278
947.4	0.96339
947.6	0.96565
947.8	0.96553
948.0	0.96333
948.2	0.96316
948.4	0.96338
948.6	0.96294
948.8	0.96139
949.0	0.96003
949.2	0.95938
949.4	0.96245
949.6	0.96624
949.8	0.96603
950.0	0.96365
950.2	0.96672
950.4	0.96962
950.6	0.96818
950.8	0.96614
951.0	0.96571
951.2	0.96467
951.4	0.96421
951.6	0.96626
951.8	0.96763
952.0	0.9648
952.2	0.96331
952.4	0.96429
952.6	0.96678
952.8	0.96495
953.0	0.96546
953.2	0.9657
953.4	0.96557
953.6	0.96797
953.8	0.9711
954.0	0.97308
954.2	0.97315
954.4	0.97556
954.6	0.97838
954.8	0.97663
955.0	0.97621
955.2	0.97532
955.4	0.97355
955.6	0.97462
955.8	0.97459
956.0	0.97447
956.2	0.97517
956.4	0.97593
956.6	0.97405
956.8	0.97186
957.0	0.97237
957.2	0.97304
957.4	0.97318
957.6	0.97484
957.8	0.97463
958.0	0.97381
958.2	0.97426
958.4	0.97454
958.6	0.97482
958.8	0.97629
959.0	0.97721
959.2	0.97779
959.4	0.97979
959.6	0.97976
959.8	0.97867
960.0	0.97846